(11/01/2017) 16 17 19 28 45 58
(07/01/2017) 06 17 22 30 37 50
(04/01/2017) 01 03 19 23 47 58
(31/12/2016) 05 11 22 24 51 53
(24/12/2016) 16 23 25 28 30 44
(22/12/2016) 01 10 17 18 45 48
(20/12/2016) 11 23 34 41 46 56
(17/12/2016) 03 07 15 40 45 54
(14/12/2016) 07 14 18 23 32 59
(10/12/2016) 01 04 23 32 38 59
(07/12/2016) 16 27 28 47 59 60
(03/12/2016) 09 10 19 35 37 41
(30/11/2016) 03 10 30 44 53 56
(26/11/2016) 05 16 19 37 51 56
(23/11/2016) 05 10 20 57 58 59
(19/11/2016) 12 16 26 40 56 57
(16/11/2016) 13 16 23 24 32 35
(12/11/2016) 07 18 39 41 44 51
(10/11/2016) 01 45 47 52 53 55
(08/11/2016) 10 28 37 43 44 47
(05/11/2016) 05 25 28 41 53 54
(03/11/2016) 11 13 25 39 46 56
(29/10/2016) 03 11 17 33 52 58
(26/10/2016) 18 20 30 32 33 40
(22/10/2016) 11 23 24 26 40 52
(20/10/2016) 01 05 23 25 28 31
(18/10/2016) 03 10 17 21 22 43
(15/10/2016) 14 17 36 38 44 60
(13/10/2016) 01 05 31 32 37 42
(08/10/2016) 04 05 14 37 40 60
(05/10/2016) 16 23 45 56 58 59
(01/10/2016) 02 08 35 42 49 56
(28/09/2016) 02 04 09 35 45 60
(24/09/2016) 10 30 36 40 44 60
(22/09/2016) 01 13 14 21 26 51
(20/09/2016) 22 28 30 33 55 59
(17/09/2016) 13 23 25 35 52 53
(14/09/2016) 02 09 14 22 32 37
(10/09/2016) 06 10 15 24 38 39
(08/09/2016) 25 30 31 34 43 59
(03/09/2016) 01 02 34 39 41 45
(31/08/2016) 13 17 29 45 49 50
(27/08/2016) 08 18 21 22 35 37
(24/08/2016) 23 24 32 38 40 41
(20/08/2016) 03 05 11 27 35 44
(17/08/2016) 09 40 41 50 55 58
(13/08/2016) 01 06 45 49 50 57
(11/08/2016) 06 24 26 30 34 49
(09/08/2016) 03 09 13 29 30 51
(06/08/2016) 03 04 37 39 48 50
(03/08/2016) 08 26 28 33 41 54
(30/07/2016) 16 18 22 24 34 43
(27/07/2016) 03 06 13 38 49 51
(23/07/2016) 15 17 33 41 47 48
(20/07/2016) 07 22 28 32 56 58
(16/07/2016) 05 08 24 30 57 59
(14/07/2016) 41 44 48 50 54 57
(12/07/2016) 08 15 18 45 59 60
(09/07/2016) 08 28 36 47 50 58
(06/07/2016) 02 17 22 24 48 51
(02/07/2016) 02 03 07 16 27 42
(29/06/2016) 14 34 46 47 56 57
(25/06/2016) 15 27 28 32 48 55
(22/06/2016) 03 07 29 37 54 60
(18/06/2016) 07 13 24 30 32 53
(15/06/2016) 06 11 32 40 48 59
(11/06/2016) 26 33 42 43 53 54
(09/06/2016) 17 19 32 43 48 51
(07/06/2016) 10 11 21 50 51 54
(04/06/2016) 05 06 12 19 30 60
(01/06/2016) 04 09 21 34 54 59
(28/05/2016) 01 22 26 43 50 53
(25/05/2016) 19 22 31 36 52 53
(21/05/2016) 03 19 23 27 40 45
(18/05/2016) 17 18 26 30 33 37
(14/05/2016) 02 06 10 15 53 56
(11/05/2016) 01 04 26 39 47 55
(07/05/2016) 05 10 12 22 28 46
(05/05/2016) 08 11 25 39 41 60
(03/05/2016) 09 11 27 46 51 53
(30/04/2016) 09 11 13 15 19 51
(27/04/2016) 20 23 32 34 37 45
(23/04/2016) 05 17 32 35 37 57
(20/04/2016) 01 10 25 43 50 56
(16/04/2016) 09 12 23 24 46 54
(13/04/2016) 02 14 20 25 41 45
(09/04/2016) 01 15 16 22 25 43
(06/04/2016) 11 20 35 42 55 58
(02/04/2016) 17 22 27 31 49 57
(30/03/2016) 20 21 28 48 50 59
(26/03/2016) 04 08 29 38 49 50
(23/03/2016) 02 06 13 14 17 44
(19/03/2016) 06 19 34 43 45 54
(16/03/2016) 06 11 16 19 31 56
(12/03/2016) 01 03 04 39 51 53
(10/03/2016) 02 09 23 28 45 53
(08/03/2016) 02 13 14 35 54 57
(05/03/2016) 22 23 34 48 53 54
(02/03/2016) 30 42 47 50 55 58
(27/02/2016) 01 05 34 37 40 60
(24/02/2016) 13 14 22 54 56 58
(20/02/2016) 02 16 17 18 41 47
(17/02/2016) 12 18 46 50 53 55
(13/02/2016) 11 13 26 27 28 50
(10/02/2016) 06 25 43 57 58 59
(06/02/2016) 03 13 42 45 56 59
(04/02/2016) 01 05 13 25 26 29
(02/02/2016) 02 06 08 21 25 34
(30/01/2016) 05 11 27 41 42 54
(27/01/2016) 04 15 26 30 54 55
(23/01/2016) 04 06 16 18 21 38
(20/01/2016) 06 18 34 47 52 57
(16/01/2016) 01 08 22 49 52 53
(14/01/2016) 06 20 22 31 33 34
(12/01/2016) 12 25 30 39 56 57
(09/01/2016) 04 10 38 40 45 48
(06/01/2016) 04 19 38 44 52 55
(02/01/2016) 10 11 14 19 39 48
(31/12/2015) 02 18 31 42 51 56
(26/12/2015) 01 12 20 30 52 60
(24/12/2015) 15 30 39 41 45 59
(22/12/2015) 12 19 27 39 41 45
(19/12/2015) 02 20 27 28 32 38
(16/12/2015) 11 26 27 30 34 41
(12/12/2015) 32 37 44 47 54 60
(09/12/2015) 05 07 11 34 35 50
(05/12/2015) 16 26 35 39 44 45
(02/12/2015) 22 23 41 46 53 60
(28/11/2015) 01 06 28 37 56 58
(25/11/2015) 06 07 29 39 41 55
(21/11/2015) 09 12 15 21 31 36
(18/11/2015) 26 32 42 45 55 59
(14/11/2015) 09 10 36 50 53 55
(13/11/2015) 10 24 25 36 47 48
(10/11/2015) 02 14 21 22 51 60
(07/11/2015) 06 11 16 23 36 42
(04/11/2015) 13 25 28 37 43 56
(31/10/2015) 06 13 14 28 35 45
(28/10/2015) 02 05 08 18 30 48
(24/10/2015) 20 27 30 31 40 53
(21/10/2015) 08 15 29 35 45 54
(17/10/2015) 09 36 37 53 55 60
(15/10/2015) 15 22 23 42 51 57
(13/10/2015) 15 17 20 31 41 48
(10/10/2015) 03 13 14 29 33 43
(07/10/2015) 02 10 13 41 49 53
(03/10/2015) 06 33 34 48 53 59
(30/09/2015) 06 18 37 40 41 58
(26/09/2015) 09 13 18 47 52 60
(23/09/2015) 09 12 14 29 42 56
(19/09/2015) 04 10 29 31 34 35
(16/09/2015) 11 19 21 23 27 52
(12/09/2015) 15 18 20 32 48 49
(09/09/2015) 10 15 25 38 47 53
(05/09/2015) 09 10 17 32 34 46
(02/09/2015) 12 28 37 46 48 53
(29/08/2015) 05 08 42 50 51 59
(26/08/2015) 12 13 24 29 32 41
(22/08/2015) 06 16 33 34 45 46
(19/08/2015) 12 17 25 29 41 52
(15/08/2015) 03 05 09 14 41 46
(12/08/2015) 25 34 38 45 53 60
(08/08/2015) 05 18 27 43 49 59
(06/08/2015) 01 10 17 24 42 51
(04/08/2015) 07 14 23 43 44 53
(01/08/2015) 03 08 28 39 42 59
(29/07/2015) 04 06 19 20 40 41
(25/07/2015) 03 10 42 49 54 57
(22/07/2015) 16 18 26 30 31 34
(18/07/2015) 27 33 37 39 58 60
(15/07/2015) 14 27 30 46 52 60
(11/07/2015) 09 23 39 41 49 58
(09/07/2015) 04 12 19 33 36 38
(07/07/2015) 18 23 31 39 49 57
(04/07/2015) 01 22 31 34 44 54
(01/07/2015) 04 30 31 32 47 53
(27/06/2015) 02 09 16 37 44 58
(24/06/2015) 02 25 36 41 42 53
(20/06/2015) 16 20 35 40 53 60
(17/06/2015) 02 08 24 36 51 52
(13/06/2015) 03 10 16 23 27 29
(10/06/2015) 02 12 19 29 50 59
(06/06/2015) 22 26 38 39 45 50
(03/06/2015) 07 21 28 56 58 59
(30/05/2015) 07 19 30 35 42 47
(27/05/2015) 17 29 32 38 45 50
(23/05/2015) 07 16 20 27 36 52
(20/05/2015) 12 31 34 36 48 56
(16/05/2015) 25 27 29 37 50 51
(13/05/2015) 01 07 11 32 51 59
(09/05/2015) 03 23 26 35 39 49
(07/05/2015) 17 19 33 35 39 52
(05/05/2015) 03 09 18 32 40 56
(02/05/2015) 15 18 41 48 50 58
(29/04/2015) 01 06 10 30 33 38
(25/04/2015) 11 13 24 28 44 45
(22/04/2015) 08 23 30 51 53 58
(18/04/2015) 01 12 17 31 37 46
(15/04/2015) 24 36 38 43 44 58
(11/04/2015) 20 29 34 37 45 57
(08/04/2015) 05 15 18 19 21 38
(04/04/2015) 11 13 14 27 44 56
(01/04/2015) 01 10 24 39 45 58
(28/03/2015) 21 24 26 35 45 53
(25/03/2015) 02 05 13 27 41 53
(21/03/2015) 18 23 30 32 42 56
(18/03/2015) 15 24 37 46 49 58
(14/03/2015) 09 14 37 44 46 55
(11/03/2015) 03 18 31 39 46 51
(07/03/2015) 09 12 18 31 39 50
(04/03/2015) 04 12 32 33 34 48
(28/02/2015) 07 13 35 37 39 51
(25/02/2015) 01 06 08 11 33 50
(21/02/2015) 23 37 38 46 47 51
(18/02/2015) 01 02 27 28 46 47
(14/02/2015) 09 11 17 19 35 52
(11/02/2015) 10 15 28 33 51 52
(07/02/2015) 01 02 11 37 48 51
(04/02/2015) 03 18 34 35 36 56
(31/01/2015) 22 30 42 50 58 59
(28/01/2015) 05 10 23 24 35 47
(24/01/2015) 01 03 05 10 20 42
(21/01/2015) 21 27 31 45 55 56
(17/01/2015) 01 17 19 30 33 47
(14/01/2015) 28 29 31 45 48 49
(10/01/2015) 05 40 47 52 55 57
(07/01/2015) 07 12 24 44 51 56
(03/01/2015) 01 02 23 27 45 51
(31/12/2014) 01 05 11 16 20 56
(24/12/2014) 08 21 23 29 36 48
(20/12/2014) 18 20 27 40 49 55
(17/12/2014) 10 14 25 29 33 57
(13/12/2014) 13 16 27 43 48 58
(10/12/2014) 08 17 34 38 42 51
(06/12/2014) 04 10 20 33 37 49
(03/12/2014) 07 11 19 23 40 49
(29/11/2014) 07 10 14 37 45 54
(26/11/2014) 04 06 11 43 54 56
(22/11/2014) 07 24 28 46 53 56
(19/11/2014) 07 16 33 42 50 58
(14/11/2014) 01 21 22 27 32 45
(12/11/2014) 07 24 26 28 44 57
(08/11/2014) 08 27 35 38 41 44
(05/11/2014) 17 23 29 38 57 60
(01/11/2014) 24 33 38 42 44 54
(29/10/2014) 15 16 18 20 22 48
(25/10/2014) 12 17 23 38 53 54
(22/10/2014) 19 23 34 40 41 58
(18/10/2014) 08 18 21 31 37 38
(15/10/2014) 10 13 16 22 34 60
(11/10/2014) 16 19 20 28 37 60
(08/10/2014) 03 23 42 43 47 60
(04/10/2014) 23 29 30 33 46 51
(01/10/2014) 02 06 18 23 31 46
(27/09/2014) 16 29 34 35 49 51
(24/09/2014) 01 02 38 41 42 58
(20/09/2014) 01 05 24 47 55 56
(17/09/2014) 19 26 33 35 51 52
(13/09/2014) 08 23 28 30 32 51
(10/09/2014) 09 10 23 33 44 51
(06/09/2014) 01 02 11 13 36 49
(03/09/2014) 06 18 24 27 56 59
(30/08/2014) 04 29 44 47 48 60
(27/08/2014) 01 07 30 43 44 54
(23/08/2014) 04 20 24 35 47 59
(20/08/2014) 26 29 34 38 50 60
(16/08/2014) 20 26 32 41 45 57
(13/08/2014) 03 05 14 35 43 52
(09/08/2014) 11 22 36 40 45 52
(07/08/2014) 02 27 32 41 47 58
(05/08/2014) 33 43 49 50 56 59
(02/08/2014) 04 05 07 21 45 53
(30/07/2014) 10 22 24 38 39 49
(26/07/2014) 13 23 27 34 38 57
(23/07/2014) 05 08 17 42 46 47
(19/07/2014) 09 20 24 43 51 52
(16/07/2014) 03 23 26 31 47 54
(12/07/2014) 28 31 40 42 46 58
(09/07/2014) 05 20 26 31 33 44
(05/07/2014) 14 17 21 27 43 49
(02/07/2014) 04 18 31 44 46 49
(28/06/2014) 06 13 17 36 42 51
(25/06/2014) 24 28 47 50 51 58
(21/06/2014) 01 04 09 35 36 53
(18/06/2014) 02 06 13 26 53 60
(14/06/2014) 05 06 17 43 54 59
(11/06/2014) 07 31 32 41 51 52
(07/06/2014) 01 15 37 42 46 54
(04/06/2014) 09 19 21 30 31 42
(31/05/2014) 02 21 24 27 40 51
(28/05/2014) 13 20 27 31 53 60
(24/05/2014) 08 12 22 35 40 44
(21/05/2014) 08 10 24 45 56 60
(17/05/2014) 09 23 32 35 46 57
(14/05/2014) 03 10 15 35 36 58
(10/05/2014) 29 31 36 42 47 53
(07/05/2014) 05 10 16 44 50 52
(03/05/2014) 01 05 07 10 12 45
(30/04/2014) 02 05 08 42 46 59
(26/04/2014) 06 07 08 23 43 53
(23/04/2014) 04 09 17 18 21 38
(19/04/2014) 31 36 38 41 42 49
(16/04/2014) 04 10 23 33 38 55
(12/04/2014) 07 20 34 40 44 55
(09/04/2014) 04 05 11 19 41 51
(05/04/2014) 23 29 32 36 45 49
(02/04/2014) 08 19 21 30 52 56
(29/03/2014) 08 39 43 46 47 58
(26/03/2014) 02 43 47 48 49 55
(22/03/2014) 03 22 27 28 50 54
(19/03/2014) 02 09 17 18 45 47
(15/03/2014) 01 04 13 17 38 48
(12/03/2014) 14 15 25 30 31 34
(08/03/2014) 01 06 14 17 33 36
(05/03/2014) 25 34 40 49 51 60
(01/03/2014) 03 06 30 37 53 56
(26/02/2014) 11 14 25 32 51 59
(22/02/2014) 13 15 21 26 30 46
(19/02/2014) 01 04 05 14 45 56
(15/02/2014) 06 27 28 33 46 48
(12/02/2014) 07 16 21 35 36 38
(08/02/2014) 20 27 42 45 46 47
(05/02/2014) 03 29 32 46 55 60
(01/02/2014) 15 18 24 42 46 56
(29/01/2014) 05 15 18 31 42 53
(25/01/2014) 19 24 25 28 42 58
(22/01/2014) 02 15 30 38 48 53
(18/01/2014) 05 06 11 32 36 60
(15/01/2014) 18 37 39 41 43 51
(11/01/2014) 25 38 44 46 53 54
(09/01/2014) 01 06 13 20 36 43
(04/01/2014) 10 12 23 37 47 51
(02/01/2014) 23 26 28 54 55 60
(31/12/2013) 20 30 36 38 47 53
(21/12/2013) 08 12 16 29 37 58
(19/12/2013) 07 15 17 31 42 54
(17/12/2013) 04 16 18 31 45 46
(14/12/2013) 01 04 07 10 11 52
(11/12/2013) 02 05 23 33 52 59
(07/12/2013) 30 32 49 50 52 53
(04/12/2013) 20 21 22 29 46 60
(30/11/2013) 07 18 24 26 39 46
(27/11/2013) 02 15 19 21 23 38
(23/11/2013) 09 13 21 27 36 56
(20/11/2013) 10 12 16 20 32 53
(16/11/2013) 19 41 42 44 47 54
(13/11/2013) 02 09 10 18 21 28
(09/11/2013) 04 17 38 44 53 60
(06/11/2013) 04 06 11 24 45 48
(01/11/2013) 02 21 30 35 45 50
(30/10/2013) 07 15 20 23 30 41
(26/10/2013) 07 11 12 30 39 57
(23/10/2013) 05 24 37 44 49 58
(19/10/2013) 03 17 27 32 47 54
(16/10/2013) 08 10 20 26 49 58
(11/10/2013) 23 27 35 52 53 57
(09/10/2013) 06 10 33 50 51 56
(30/07/2016) 16 18 22 24 34 43
(27/07/2016) 03 06 13 38 49 51
(23/07/2016) 15 17 33 41 47 48
(20/07/2016) 07 22 28 32 56 58
(16/07/2016) 05 08 24 30 57 59
(14/07/2016) 41 44 48 50 54 57
(12/07/2016) 08 15 18 45 59 60
(09/07/2016) 08 28 36 47 50 58
(06/07/2016) 02 17 22 24 48 51
(02/07/2016) 02 03 07 16 27 42
(29/06/2016) 14 34 46 47 56 57
(25/06/2016) 15 27 28 32 48 55
(22/06/2016) 03 07 29 37 54 60
(18/06/2016) 07 13 24 30 32 53
(15/06/2016) 06 11 32 40 48 59
(11/06/2016) 26 33 42 43 53 54
(09/06/2016) 17 19 32 43 48 51
(07/06/2016) 10 11 21 50 51 54
(04/06/2016) 05 06 12 19 30 60
(01/06/2016) 04 09 21 34 54 59
(28/05/2016) 01 22 26 43 50 53
(25/05/2016) 19 22 31 36 52 53
(21/05/2016) 03 19 23 27 40 45
(18/05/2016) 17 18 26 30 33 37
(14/05/2016) 02 06 10 15 53 56
(11/05/2016) 01 04 26 39 47 55
(07/05/2016) 05 10 12 22 28 46
(05/05/2016) 08 11 25 39 41 60
(03/05/2016) 09 11 27 46 51 53
(30/04/2016) 09 11 13 15 19 51
(27/04/2016) 20 23 32 34 37 45
(23/04/2016) 05 17 32 35 37 57
(20/04/2016) 01 10 25 43 50 56
(16/04/2016) 09 12 23 24 46 54
(13/04/2016) 02 14 20 25 41 45
(09/04/2016) 01 15 16 22 25 43
(06/04/2016) 11 20 35 42 55 58
(02/04/2016) 17 22 27 31 49 57
(30/03/2016) 20 21 28 48 50 59
(26/03/2016) 04 08 29 38 49 50
(23/03/2016) 02 06 13 14 17 44
(19/03/2016) 06 19 34 43 45 54
(16/03/2016) 06 11 16 19 31 56
(12/03/2016) 01 03 04 39 51 53
(10/03/2016) 02 09 23 28 45 53
(08/03/2016) 02 13 14 35 54 57
(05/03/2016) 22 23 34 48 53 54
(02/03/2016) 30 42 47 50 55 58
(27/02/2016) 01 05 34 37 40 60
(24/02/2016) 13 14 22 54 56 58
(20/02/2016) 02 16 17 18 41 47
(17/02/2016) 12 18 46 50 53 55
(13/02/2016) 11 13 26 27 28 50
(10/02/2016) 06 25 43 57 58 59
(06/02/2016) 03 13 42 45 56 59
(04/02/2016) 01 05 13 25 26 29
(02/02/2016) 02 06 08 21 25 34
(30/01/2016) 05 11 27 41 42 54
(27/01/2016) 04 15 26 30 54 55
(23/01/2016) 04 06 16 18 21 38
(20/01/2016) 06 18 34 47 52 57
(16/01/2016) 01 08 22 49 52 53
(14/01/2016) 06 20 22 31 33 34
(12/01/2016) 12 25 30 39 56 57
(09/01/2016) 04 10 38 40 45 48
(06/01/2016) 04 19 38 44 52 55
(02/01/2016) 10 11 14 19 39 48
(31/12/2015) 02 18 31 42 51 56 
(26/12/2015) 01 12 20 30 52 60
(24/12/2015) 15 30 39 41 45 59
(22/12/2015) 12 19 27 39 41 45
(19/12/2015) 02 20 27 28 32 38
(16/12/2015) 11 26 27 30 34 41
(12/12/2015) 32 37 44 47 54 60
(09/12/2015) 05 07 11 34 35 50
(05/12/2015) 16 26 35 39 44 45
(02/12/2015) 22 23 41 46 53 60
(28/11/2015) 01 06 28 37 56 58
(25/11/2015) 06 07 29 39 41 55
(21/11/2015) 09 12 15 21 31 36
(18/11/2015) 26 32 42 45 55 59
(14/11/2015) 09 10 36 50 53 55
(13/11/2015) 10 24 25 36 47 48
(10/11/2015) 02 14 21 22 51 60
(07/11/2015) 06 11 16 23 36 42
(04/11/2015) 13 25 28 37 43 56
(31/10/2015) 06 13 14 28 35 45
(28/10/2015) 02 05 08 18 30 48
(04/10/2015) 20 27 30 31 40 53
(21/10/2015) 08 15 29 35 45 54
(17/10/2015) 09 36 37 53 55 60
(15/10/2015) 15 22 23 42 51 57
(13/10/2015) 15 17 20 31 41 48
(10/10/2015) 03 13 14 29 33 43
(07/10/2015) 02 10 13 41 49 53
(03/10/2015) 06 33 34 48 53 59
(30/09/2015) 06 18 37 40 41 58
(26/09/2015) 09 13 18 47 52 60
(23/09/2015) 09 12 14 29 42 56
(19/09/2015) 04 10 29 31 34 35
(16/09/2015) 11 19 21 23 27 52
(12/09/2015) 15 18 20 32 48 49
(09/09/2015) 10 15 25 38 47 53
(05/09/2015) 09 10 17 32 34 46
(02/09/2015) 12 28 37 46 48 53
(29/08/2015) 05 08 42 50 51 59
(26/08/2015) 12 13 24 29 32 41
(22/08/2015) 06 16 33 34 45 46
(19/08/2015) 12 17 25 29 41 52
(15/08/2015) 03 05 09 14 41 46
(12/08/2015) 25 34 38 45 53 60
(08/08/2015) 05 18 27 43 49 59
(06/08/2015) 01 10 17 24 42 51
(04/08/2015) 07 14 23 43 44 53
(01/08/2015) 03 08 28 39 42 59
(29/07/2015) 04 06 19 20 40 41
(25/07/2015) 03 10 42 49 54 57
(22/07/2015) 16 18 26 30 31 34
(18/07/2015) 27 33 37 39 58 60
(15/07/2015) 14 27 30 46 52 60
(11/07/2015) 09 23 39 41 49 58
(09/07/2015) 04 12 19 33 36 38
(07/07/2015) 18 23 31 39 49 57
(04/07/2015) 01 22 31 34 44 54
(01/07/2015) 04 30 31 32 47 53
(27/06/2015) 02 09 16 37 44 58
(24/06/2015) 02 25 36 41 42 53
(20/06/2015) 16 20 35 40 53 60
(17/06/2015) 02 08 24 36 51 52
(13/06/2015) 03 10 16 23 27 29
(10/06/2015) 02 12 19 29 50 59
(06/06/2015) 22 26 38 39 45 50
(03/06/2015) 07 21 28 56 58 59
(30/05/2015) 07 19 30 35 42 47
(27/05/2015) 17 29 32 38 45 50
(23/05/2015) 07 16 20 27 36 52
(20/05/2015) 12 31 34 36 48 56
(16/05/2015) 25 27 29 37 50 51
(13/05/2015) 01 07 11 32 51 59
(09/05/2015) 03 23 26 35 39 49
(07/05/2015) 17 19 33 35 39 52
(05/05/2015) 03 09 18 32 40 56
(02/05/2015) 15 18 41 48 50 58
(29/04/2015) 01 06 10 30 33 38
(25/04/2015) 11 13 24 28 44 45
(22/04/2015) 08 23 30 51 53 58
(18/04/2015) 01 12 17 31 37 46
(15/04/2015) 24 36 38 43 44 58
(11/04/2015) 20 29 34 37 45 57
(08/04/2015) 05 15 18 19 21 38
(04/04/2015) 11 13 14 27 44 56
(01/04/2015) 01 10 24 39 45 58
(28/03/2015) 21 24 26 35 45 53
(25/03/2015) 02 05 13 27 41 53
(21/03/2015) 18 23 30 32 42 56
(18/03/2015) 15 24 37 46 49 58
(14/03/2015) 09 14 37 44 46 55  
(11/03/2015) 03 18 31 39 46 51
(07/03/2015) 09 12 18 31 39 50
(04/03/2015) 04 12 32 33 34 48
(28/02/2015) 07 13 35 37 39 51
(25/02/2015) 01 06 08 11 33 50
(21/02/2015) 23 37 38 46 47 51
(18/02/2015) 01 02 27 28 46 47
(14/02/2015) 09 11 17 19 35 52
(11/02/2015) 10 15 28 33 51 52
(11/02/2015) 10 15 28 33 51 52
(07/02/2015) 01 02 11 37 48 51
(04/02/2015) 03 18 34 35 36 56
(31/01/2015) 22 30 42 50 58 59
(28/01/2015) 05 10 23 24 35 47
(24/01/2015) 01 03 05 10 20 42
(01/01/2015) 21 27 31 45 55 56
(07/01/2015) 01 17 19 30 33 47
(14/01/2015) 28 29 31 45 48 49
(10/01/2015) 05 40 47 52 55 57
(07/01/2015) 07 12 24 44 51 56
(03/01/2015) 01 02 23 27 45 51
(31/12/2014) 01 05 11 16 20 56   
(24/12/2014) 08 21 23 29 36 48
(20/12/2014) 18 20 27 40 49 55
(17/12/2014) 10 14 25 29 33 57
(13/12/2014) 13 16 27 43 48 58
(10/12/2014) 08 17 34 38 42 51
(06/12/2014) 04 10 20 33 37 49
(03/12/2014) 07 11 19 23 40 49
(29/11/2014) 07 10 14 37 45 54
(26/11/2014) 04 06 11 43 54 56
(22/11/2014) 07 24 28 46 53 56
(19/11/2014) 07 16 33 42 50 58
(14/11/2014) 01 21 22 27 32 45
(12/11/2014) 07 24 26 28 44 57
(08/11/2014) 08 27 35 38 41 44
(05/11/2014) 17 23 29 38 57 60
(01/11/2014) 24 33 38 42 44 54
(29/10/2014) 15 16 18 20 22 48
(25/10/2014) 12 17 23 38 53 54
(22/10/2014) 19 23 34 40 41 58
(18/10/2014) 08 18 21 31 37 38
(15/10/2014) 10 13 16 22 34 60
(11/10/2014) 16 19 20 28 37 60
(08/10/2014) 03 23 42 43 47 60
(04/10/2014) 23 29 30 33 46 51
(01/10/2014) 02 06 18 23 31 46
(27/09/2014) 16 29 34 35 49 51
(24/09/2014) 01 02 38 41 42 58
(20/09/2014) 01 05 24 47 55 56
(17/09/2014) 19 26 33 35 51 52
(13/09/2014) 08 23 28 30 32 51
(10/09/2014) 09 10 23 33 44 51
(06/09/2014) 01 02 11 13 36 49
(03/09/2014) 06 18 24 27 56 59
(30/08/2014) 04 29 44 47 48 60
(27/08/2014) 01 07 30 43 44 54
(23/08/2014) 04 20 24 35 47 59
(20/08/2014) 26 29 34 38 50 60
(16/08/2014) 20 26 32 41 45 57
(13/08/2014) 03 05 14 35 43 52
(09/08/2014) 11 22 36 40 45 52
(07/08/2014) 02 27 32 41 47 58
(05/08/2014) 33 43 49 50 56 59
(02/08/2014) 04 05 07 21 45 53
(30/07/2014) 10 22 24 38 39 49
(26/07/2014) 13 23 27 34 38 57
(23/07/2014) 05 08 17 42 46 47
(19/07/2014) 09 20 24 43 51 52
(16/07/2014) 03 23 26 31 47 54
(12/07/2014) 28 31 40 42 46 58
(09/07/2014) 05 20 26 31 33 44
(05/07/2014) 14 17 21 27 43 49
(02/07/2014) 04 18 31 44 46 49
(28/06/2014) 06 13 17 36 42 51
(25/06/2014) 24 28 47 50 51 58
(21/06/2014) 01 04 09 35 36 53
(18/06/2014) 02 06 13 26 53 60
(14/06/2014) 05 06 17 43 54 59
(11/06/2014) 07 31 32 41 51 52
(07/06/2014) 01 15 37 42 46 54
(04/06/2014) 09 19 21 30 31 42
(31/05/2014) 02 21 24 27 40 51
(28/05/2014) 13 20 27 31 53 60
(24/05/2014) 08 12 22 35 40 44
(21/05/2014) 08 10 24 45 56 60
(17/05/2014) 09 23 32 35 46 57
(14/05/2014) 03 10 15 35 36 58
(10/05/2014) 29 31 36 42 47 53
(07/05/2014) 05 10 16 44 50 52
(03/05/2014) 01 05 07 10 12 45
(30/04/2014) 02 05 08 42 46 59
(26/04/2014) 06 07 08 23 43 53
(23/04/2014) 04 09 17 18 21 38
(19/04/2014) 31 36 38 41 42 49
(16/04/2014) 04 10 23 33 38 55
(12/04/2014) 07 20 34 40 44 55
(09/04/2014) 04 05 11 19 41 51
(05/04/2014) 23 29 32 36 45 49
(02/04/2014) 08 19 21 30 52 56
(29/03/2014) 08 39 43 46 47 58
(26/03/2014) 02 43 47 48 49 55
(22/03/2014) 03 22 27 28 50 54
(19/03/2014) 02 09 17 18 45 47
(15/03/2014) 01 04 13 17 38 48
(12/03/2014) 14 15 25 30 31 34
(08/03/2014) 01 06 14 17 33 36
(05/03/2014) 25 34 40 49 51 60
(01/03/2014) 03 06 30 37 53 56
(26/02/2014) 11 14 25 32 51 59
(22/02/2014) 13 15 21 26 30 46
(19/02/2014) 01 04 05 14 45 56
(15/02/2014) 06 27 28 33 46 48
(12/02/2014) 07 16 21 35 36 38
(08/02/2014) 20 27 42 45 46 47
(05/02/2014) 03 29 32 46 55 60
(01/02/2014) 15 18 24 42 46 56
(29/01/2014) 05 15 18 31 42 53
(25/01/2014) 19 24 25 28 42 58
(22/01/2014) 02 15 30 38 48 53
(18/01/2014) 05 06 11 32 36 60 
(15/01/2014) 18 37 39 41 43 51
(11/01/2014) 25 38 44 46 53 54
(09/01/2014) 01 06 13 20 36 43
(04/01/2014) 10 12 23 37 47 51
(02/01/2014) 23 26 28 54 55 60
(31/12/2013) 20 30 36 38 47 53
(21/12/2013) 08 12 16 29 37 58
(19/12/2013) 07 15 17 31 42 54
(17/12/2013) 04 16 18 31 45 46
(14/12/2013) 01 04 07 10 11 52
(11/12/2013) 02 05 23 33 52 59
(07/12/2013) 30 32 49 50 52 53
(04/12/2013) 20 21 22 29 46 60
(30/11/2013) 07 18 24 26 39 46
(27/11/2013) 02 15 19 21 23 38
(23/11/2013) 09 13 21 27 36 56
(20/11/2013) 10 12 16 20 32 53
(16/11/2013) 19 41 42 44 47 54
(13/11/2013) 02 09 10 18 21 28
(09/11/2013) 04 17 38 44 53 60
(06/11/2013) 04 06 11 24 45 48
(01/11/2013) 02 21 30 35 45 50
(30/10/2013) 07 15 20 23 30 41
(26/10/2013) 07 11 12 30 39 57
(23/10/2013) 05 24 37 44 49 58
(19/10/2013) 03 17 27 32 47 54
(16/10/2013) 08 10 20 26 49 58
(11/10/2013) 23 27 35 52 53 57
(09/10/2013) 06 10 33 50 51 56
(05/10/2013) 13 18 29 32 50 58
(02/10/2013) 08 09 25 41 54 55
(28/09/2013) 01 12 28 29 34 48
(25/09/2013) 13 21 29 34 47 57
(21/09/2013) 02 11 23 31 42 44
(18/09/2013) 12 13 24 41 42 44
(14/09/2013) 10 16 28 33 48 53
(11/09/2013) 11 15 17 34 35 49
(06/09/2013) 04 13 15 19 36 58
(04/09/2013) 16 32 36 42 44 48
(31/08/2013) 10 16 28 47 51 59
(28/08/2013) 02 26 30 35 46 54
(24/08/2013) 02 12 40 46 52 53
(21/08/2013) 22 25 31 39 41 44
(17/08/2013) 05 08 23 32 33 56
(14/08/2013) 11 14 18 30 33 39
(10/08/2013) 07 31 35 36 46 48
(08/08/2013) 05 06 15 23 56 59
(06/08/2013) 08 09 28 41 48 55
(03/08/2013) 07 17 38 45 52 56
(31/07/2013) 04 18 20 34 45 60
(27/07/2013) 04 13 14 18 49 59
(24/07/2013) 16 17 23 42 59 60
(20/07/2013) 17 28 31 56 57 58
(17/07/2013) 11 28 35 42 46 58
(13/07/2013) 04 08 17 29 31 45
(10/07/2013) 01 08 17 44 46 53
(06/07/2013) 01 06 27 46 51 59
(03/07/2013) 17 18 30 35 39 58
(29/06/2013) 24 46 50 51 52 56
(26/06/2013) 03 14 18 34 42 49
(22/06/2013) 01 02 06 09 16 32
(19/06/2013) 02 10 12 30 41 42
(15/06/2013) 03 04 16 22 36 42
(12/06/2013) 06 22 43 51 52 57
(08/06/2013) 01 07 13 29 37 54
(05/06/2013) 10 18 31 43 57 59
(01/06/2013) 08 22 26 33 37 54
(29/05/2013) 06 11 27 40 46 49
(25/05/2013) 04 05 07 27 45 58
(22/05/2013) 14 18 28 41 47 54
(18/05/2013) 04 13 14 44 49 57
(15/05/2013) 02 14 24 28 35 50
(11/05/2013) 07 12 24 27 30 49
(08/05/2013) 04 09 18 44 46 48
(04/05/2013) 06 26 45 50 56 60
(02/05/2013) 01 03 31 32 43 52
(27/04/2013) 01 15 24 26 28 48
(24/04/2013) 04 22 25 38 45 51
(20/04/2013) 04 09 17 23 28 53
(17/04/2013) 01 06 10 34 40 54
(13/04/2013) 04 27 30 36 54 59
(10/04/2013) 17 20 24 29 49 53
(06/04/2013) 01 35 39 53 55 56
(03/04/2013) 06 09 11 34 41 53
(30/03/2013) 17 27 28 40 44 55
(27/03/2013) 09 14 21 26 36 52
(23/03/2013) 21 48 50 54 57 60
(20/03/2013) 10 27 37 40 47 55
(16/03/2013) 03 04 46 50 56 59
(13/03/2013) 04 10 26 37 47 57
(09/03/2013) 12 13 37 44 48 51
(06/03/2013) 01 02 03 11 28 43
(02/03/2013) 02 12 33 57 58 60
(27/02/2013) 12 18 23 25 45 50
(23/02/2013) 10 25 33 36 40 58
(20/02/2013) 02 34 36 38 51 55
(16/02/2013) 04 13 35 54 56 58
(13/02/2013) 01 02 10 19 20 37
(09/02/2013) 23 24 26 41 52 53
(06/02/2013) 04 06 13 34 37 51
(02/02/2013) 06 11 16 26 44 53
(30/01/2013) 02 24 32 50 54 59
(26/01/2013) 13 22 28 29 40 48
(23/01/2013) 05 09 25 27 38 40
(19/01/2013) 31 36 44 47 49 54
(16/01/2013) 04 14 27 38 50 52
(12/01/2013) 02 06 30 34 35 52
(09/01/2013) 02 04 16 33 44 51
(05/01/2013) 15 16 34 42 46 59
(02/01/2013) 06 08 14 26 36 40
(31/12/2012) 14 32 33 36 41 52
(22/12/2012) 04 27 29 41 48 52
(20/12/2012) 06 13 25 32 47 57
(18/12/2012) 02 14 28 50 57 58
(15/12/2012) 02 10 11 33 52 57
(12/12/2012) 26 27 31 38 44 45
(08/12/2012) 02 06 18 30 52 56
(05/12/2012) 01 25 29 36 56 60
(01/12/2012) 01 19 28 33 39 41
(28/11/2012) 06 13 24 32 40 51
(24/11/2012) 05 19 32 41 49 58
(21/11/2012) 02 05 27 28 48 55
(17/11/2012) 12 20 32 48 52 54
(14/11/2012) 12 13 20 30 34 49
(10/11/2012) 17 29 36 38 53 56
(07/11/2012) 02 06 28 36 51 56
(03/11/2012) 02 34 35 42 43 55
(31/10/2012) 07 14 31 33 36 49
(27/10/2012) 22 23 26 37 38 48
(24/10/2012) 01 13 23 24 30 57
(20/10/2012) 04 15 45 47 50 52
(17/10/2012) 03 18 22 34 55 58
(13/10/2012) 04 13 14 40 46 52
(10/10/2012) 16 24 25 42 45 59
(06/10/2012) 05 09 13 33 40 54
(03/10/2012) 02 19 22 30 46 52
(29/09/2012) 09 12 22 39 48 60
(26/09/2012) 07 15 19 34 37 55
(22/09/2012) 08 39 44 47 53 56
(19/09/2012) 06 15 18 24 30 44
(15/09/2012) 07 16 29 36 38 50
(12/09/2012) 03 07 15 29 38 60
(08/09/2012) 03 08 21 25 27 43
(05/09/2012) 02 05 13 17 39 44
(01/09/2012) 19 31 39 44 53 59
(29/08/2012) 02 11 16 18 36 45
(25/08/2012) 17 21 30 48 52 58
(22/08/2012) 07 08 10 12 27 56
(18/08/2012) 05 12 45 52 56 59
(15/08/2012) 03 19 22 24 35 49
(11/08/2012) 26 36 40 46 49 51
(09/08/2012) 21 37 44 46 49 57
(07/08/2012) 13 15 33 45 54 55
(04/08/2012) 06 08 24 37 41 45
(01/08/2012) 08 12 32 44 46 48
(28/07/2012) 18 29 40 42 50 54
(25/07/2012) 06 19 26 47 50 58
(21/07/2012) 04 19 20 24 39 43
(18/07/2012) 18 29 31 42 43 53
(14/07/2012) 07 10 17 24 38 57
(11/07/2012) 03 14 17 32 37 39
(07/07/2012) 07 08 27 31 32 51
(04/07/2012) 13 16 20 26 39 42
(30/06/2012) 02 09 10 21 27 38
(27/06/2012) 11 12 25 33 48 54
(23/06/2012) 09 26 34 43 53 54
(20/06/2012) 34 39 43 56 57 60
(16/06/2012) 14 32 33 40 42 51
(13/06/2012) 03 04 07 15 27 56
(09/06/2012) 29 48 52 54 55 58
(06/06/2012) 05 11 17 19 44 48
(02/06/2012) 11 16 24 35 46 50
(30/05/2012) 04 18 24 28 39 44
(26/05/2012) 02 08 12 28 33 43
(23/05/2012) 07 12 19 34 40 53
(19/05/2012) 04 19 27 28 29 31
(16/05/2012) 01 16 28 39 44 57
(12/05/2012) 22 29 31 43 50 54
(09/05/2012) 18 27 32 43 50 52
(05/05/2012) 12 28 38 39 51 56
(02/05/2012) 27 35 36 37 42 59
(28/04/2012) 02 18 30 31 45 56
(25/04/2012) 07 09 23 44 46 55
(20/04/2012) 05 13 16 17 27 55
(18/04/2012) 11 27 30 40 44 57
(14/04/2012) 03 14 52 55 57 60
(11/04/2012) 05 12 36 45 50 58
(07/04/2012) 02 05 17 18 54 59
(04/04/2012) 02 05 12 13 25 35
(31/03/2012) 09 11 21 49 53 54
(28/03/2012) 14 25 28 45 53 58
(24/03/2012) 06 21 28 31 33 43
(21/03/2012) 07 27 39 52 55 57
(17/03/2012) 03 36 40 46 58 60
(14/03/2012) 03 04 08 11 47 49
(10/03/2012) 02 04 05 27 49 59
(07/03/2012) 05 16 24 32 38 46
(03/03/2012) 10 21 26 29 32 38
(01/03/2012) 02 07 13 29 38 43
(25/02/2012) 12 27 37 44 54 59
(22/02/2012) 02 24 26 32 35 50
(18/02/2012) 10 13 20 40 44 53
(15/02/2012) 25 35 42 45 52 57
(11/02/2012) 02 12 19 22 36 58
(08/02/2012) 23 27 30 37 38 44
(04/02/2012) 02 16 17 25 50 54
(01/02/2012) 06 10 12 17 28 53
(28/01/2012) 03 15 16 35 37 47
(25/01/2012) 01 19 24 26 52 55
(21/01/2012) 06 13 21 22 31 46
(18/01/2012) 11 17 24 39 46 49
(14/01/2012) 02 08 38 42 48 49
(11/01/2012) 03 11 13 27 32 47
(07/01/2012) 09 18 24 35 36 59
(04/01/2012) 13 33 36 41 50 56
(31/12/2011) 03 04 29 36 45 55
(24/12/2011) 09 19 20 50 51 60
(22/12/2011) 07 12 38 39 45 56
(20/12/2011) 09 19 45 46 54 56
(17/12/2011) 12 32 40 47 48 59
(14/12/2011) 07 17 19 26 40 50
(10/12/2011) 08 19 21 36 42 59
(07/12/2011) 19 20 31 42 51 56
(03/12/2011) 05 07 42 46 50 60
(30/11/2011) 01 11 20 37 40 52
(26/11/2011) 13 21 30 36 59 60
(23/11/2011) 07 10 14 16 54 59
(19/11/2011) 01 18 19 33 43 60
(16/11/2011) 02 20 35 38 45 51
(12/11/2011) 01 32 38 47 51 54
(09/11/2011) 03 14 20 22 49 51
(05/11/2011) 01 06 08 10 25 27
(03/11/2011) 25 26 28 33 42 51
(29/10/2011) 03 05 13 24 35 59
(26/10/2011) 09 24 26 39 46 57
(22/10/2011) 08 18 21 30 48 49
(19/10/2011) 07 08 11 39 43 50
(15/10/2011) 10 23 27 43 53 59
(13/10/2011) 16 35 36 41 52 54
(08/10/2011) 10 11 18 19 30 50
(05/10/2011) 02 05 16 20 35 43
(01/10/2011) 18 29 31 44 51 57
(28/09/2011) 06 15 25 37 48 55
(24/09/2011) 10 21 43 47 53 55
(21/09/2011) 10 47 51 53 59 60
(17/09/2011) 17 24 25 38 41 55
(14/09/2011) 04 05 16 18 27 51
(10/09/2011) 11 14 16 28 34 46
(08/09/2011) 06 13 29 30 35 37
(03/09/2011) 08 13 25 34 42 48
(31/08/2011) 01 27 29 38 50 52
(27/08/2011) 38 42 44 52 58 60
(24/08/2011) 01 04 26 39 43 49
(20/08/2011) 05 20 22 28 29 30
(17/08/2011) 07 09 12 19 45 54
(13/08/2011) 08 09 14 32 53 59
(11/08/2011) 07 12 25 26 32 39
(09/08/2011) 07 08 24 30 33 47
(06/08/2011) 07 10 32 43 47 54
(03/08/2011) 06 19 22 34 43 45
(30/07/2011) 03 05 11 36 44 46
(27/07/2011) 07 14 15 20 23 35
(23/07/2011) 08 19 46 51 52 54
(20/07/2011) 02 10 15 44 56 57
(16/07/2011) 03 16 23 25 51 56
(13/07/2011) 43 44 46 53 54 59
(09/07/2011) 08 22 32 43 53 56
(06/07/2011) 14 15 30 53 55 60
(02/07/2011) 02 05 11 13 56 59
(29/06/2011) 10 14 43 46 49 53
(25/06/2011) 02 05 15 20 43 57
(22/06/2011) 04 06 29 48 50 51
(18/06/2011) 01 13 24 40 44 50
(15/06/2011) 09 11 23 30 31 54
(11/06/2011) 18 40 47 54 57 58
(08/06/2011) 02 03 14 23 34 50
(04/06/2011) 01 03 08 13 27 52
(01/06/2011) 17 30 32 40 42 56
(28/05/2011) 11 12 31 33 42 52
(25/05/2011) 02 05 28 33 51 52
(21/05/2011) 10 15 28 31 33 38
(18/05/2011) 20 21 26 29 31 36
(14/05/2011) 08 30 40 44 59 60
(11/05/2011) 04 23 39 52 55 56
(07/05/2011) 08 11 14 30 36 38
(04/05/2011) 06 10 16 20 29 54
(30/04/2011) 08 14 29 35 36 40
(27/04/2011) 04 16 24 25 30 56
(23/04/2011) 12 18 31 50 59 60
(20/04/2011) 05 09 11 22 36 40
(16/04/2011) 02 14 48 55 58 60
(13/04/2011) 13 17 21 39 40 59
(09/04/2011) 13 19 26 40 58 60
(06/04/2011) 13 26 27 28 35 52
(02/04/2011) 01 02 39 48 52 59
(30/03/2011) 05 09 24 31 33 42
(26/03/2011) 04 05 15 17 27 51
(23/03/2011) 03 16 17 44 53 60
(19/03/2011) 04 20 30 41 47 58
(16/03/2011) 06 10 33 39 42 60
(12/03/2011) 13 19 24 46 50 60
(09/03/2011) 04 17 36 37 51 56
(05/03/2011) 04 18 26 36 41 53
(02/03/2011) 05 07 08 09 11 39
(26/02/2011) 10 14 22 41 42 53
(23/02/2011) 19 23 29 31 41 53
(19/02/2011) 04 06 39 46 54 58
(16/02/2011) 11 26 47 55 57 59
(12/02/2011) 02 15 26 27 30 52
(09/02/2011) 26 33 35 38 43 53
(05/02/2011) 05 23 38 39 51 54
(02/02/2011) 07 09 14 18 29 39
(29/01/2011) 02 17 23 43 44 51
(26/01/2011) 02 14 35 39 49 51
(22/01/2011) 05 27 34 46 48 52
(19/01/2011) 01 02 24 40 51 59
(15/01/2011) 03 08 36 40 51 53
(12/01/2011) 20 33 34 57 58 60
(08/01/2011) 03 09 11 24 36 51
(05/01/2011) 10 37 40 43 57 59
(31/12/2010) 02 10 34 37 43 50
(24/12/2010) 02 08 15 25 34 45
(22/12/2010) 09 19 23 29 32 57
(20/12/2010) 11 34 45 48 51 54
(18/12/2010) 10 13 25 26 28 45
(15/12/2010) 08 09 12 22 42 49
(11/12/2010) 01 15 37 39 48 52
(08/12/2010) 13 14 24 39 40 45
(04/12/2010) 05 18 21 26 39 59
(01/12/2010) 03 08 17 20 38 53
(27/11/2010) 10 16 20 26 49 55
(24/11/2010) 03 05 19 24 30 35
(20/11/2010) 22 29 32 49 54 59
(17/11/2010) 08 11 12 15 18 22
(13/11/2010) 05 20 23 27 39 49
(10/11/2010) 09 12 19 22 35 37
(06/11/2010) 12 30 32 40 49 60
(03/11/2010) 10 23 36 50 52 60
(30/10/2010) 04 28 30 31 35 54
(27/10/2010) 10 31 40 50 55 56
(23/10/2010) 31 32 34 40 50 55
(20/10/2010) 19 21 27 41 53 57
(16/10/2010) 15 17 35 42 47 48
(13/10/2010) 05 08 19 26 48 57
(09/10/2010) 05 14 37 43 46 58
(06/10/2010) 05 15 43 48 52 55
(02/10/2010) 02 33 34 37 41 53
(29/09/2010) 10 23 29 31 33 46
(25/09/2010) 05 11 15 28 43 50
(22/09/2010) 04 07 13 25 27 58
(18/09/2010) 10 25 30 47 50 51
(15/09/2010) 05 29 30 36 41 48
(11/09/2010) 03 11 26 34 45 53
(08/09/2010) 02 23 33 35 40 50
(04/09/2010) 03 15 31 36 48 54
(01/09/2010) 03 07 09 10 31 34
(28/08/2010) 05 14 17 30 35 38
(25/08/2010) 01 12 20 26 45 54
(21/08/2010) 09 11 22 32 35 56
(18/08/2010) 02 06 11 36 37 48
(14/08/2010) 04 13 14 26 29 35
(11/08/2010) 05 10 25 39 43 52
(07/08/2010) 07 09 30 33 38 55
(04/08/2010) 08 09 11 48 53 60
(31/07/2010) 28 32 36 49 55 60
(28/07/2010) 03 10 11 39 54 56
(24/07/2010) 16 19 23 28 39 58
(21/07/2010) 22 29 36 41 48 58
(17/07/2010) 36 37 39 49 54 60
(14/07/2010) 03 06 19 20 58 60
(10/07/2010) 17 20 26 27 55 57
(07/07/2010) 06 13 24 41 50 53
(03/07/2010) 02 09 12 14 32 54
(30/06/2010) 17 20 49 52 57 59
(26/06/2010) 03 11 16 22 25 33
(23/06/2010) 10 11 19 37 53 56
(19/06/2010) 14 21 27 31 35 50
(16/06/2010) 09 20 44 52 59 60
(12/06/2010) 08 17 19 40 43 49
(09/06/2010) 07 08 12 13 15 41
(05/06/2010) 02 10 21 35 43 54
(02/06/2010) 04 09 23 27 28 30
(29/05/2010) 05 10 12 20 29 37
(26/05/2010) 02 04 29 52 56 60
(22/05/2010) 18 20 26 31 44 45
(19/05/2010) 12 30 34 44 57 60
(15/05/2010) 05 22 28 47 59 60
(12/05/2010) 01 22 30 45 50 53
(08/05/2010) 33 38 47 50 52 55
(05/05/2010) 11 14 21 30 33 49
(30/04/2010) 02 03 12 16 37 47
(28/04/2010) 06 07 39 47 51 52
(24/04/2010) 05 07 24 25 36 47
(20/04/2010) 06 12 28 43 52 56
(17/04/2010) 03 10 13 30 41 57
(14/04/2010) 11 13 27 34 46 49
(10/04/2010) 01 11 14 23 42 48
(07/04/2010) 04 05 20 47 53 56
(03/04/2010) 20 28 43 51 52 56
(31/03/2010) 22 28 30 31 35 54
(27/03/2010) 20 40 42 52 54 60
(24/03/2010) 06 14 17 26 40 49
(20/03/2010) 05 17 31 47 51 53
(17/03/2010) 18 22 25 30 31 41
(13/03/2010) 04 07 42 47 48 51
(10/03/2010) 01 03 05 18 40 48
(06/03/2010) 05 06 34 46 53 55
(03/03/2010) 23 30 31 54 55 60
(27/02/2010) 09 29 41 43 46 49
(24/02/2010) 09 24 31 44 48 49
(20/02/2010) 20 28 40 41 51 58
(17/02/2010) 04 12 14 21 26 28
(13/02/2010) 06 17 19 34 46 55
(10/02/2010) 14 20 29 36 44 47
(06/02/2010) 01 04 14 21 25 51
(03/02/2010) 15 17 28 31 35 52
(30/01/2010) 07 08 23 36 46 54
(27/01/2010) 27 28 29 32 48 55
(23/01/2010) 06 23 31 33 39 52
(20/01/2010) 06 10 28 33 34 53
(16/01/2010) 03 16 19 24 33 60
(13/01/2010) 01 10 18 19 44 49
(09/01/2010) 03 30 35 44 47 60
(06/01/2010) 03 15 26 28 31 58
(02/01/2010) 09 37 40 50 58 60
(31/12/2009) 10 27 40 46 49 58
(26/12/2009) 09 28 31 36 37 42
(24/12/2009) 02 04 15 18 25 36
(22/12/2009) 19 21 25 28 43 50
(19/12/2009) 07 31 32 34 37 43
(16/12/2009) 04 05 06 19 23 39
(12/12/2009) 09 22 29 36 51 56
(09/12/2009) 05 10 16 21 39 58
(05/12/2009) 12 27 30 33 52 55
(02/12/2009) 01 08 16 34 36 49
(28/11/2009) 05 18 23 32 49 54
(25/11/2009) 12 17 19 32 47 55
(21/11/2009) 08 16 24 39 52 60
(18/11/2009) 05 08 14 24 29 30
(14/11/2009) 04 31 42 52 57 59
(11/11/2009) 03 07 29 33 42 56
(07/11/2009) 07 11 16 18 33 49
(04/11/2009) 04 14 19 39 45 60
(31/10/2009) 26 44 46 49 55 56
(28/10/2009) 04 17 18 54 56 59
(24/10/2009) 07 35 40 44 50 55
(21/10/2009) 10 34 41 44 45 54
(17/10/2009) 08 20 21 43 44 55
(14/10/2009) 01 06 17 27 35 40
(10/10/2009) 04 09 13 17 20 47
(07/10/2009) 18 30 37 41 44 50
(03/10/2009) 03 15 16 22 25 54
(30/09/2009) 03 06 29 36 47 59
(26/09/2009) 04 32 34 43 52 58
(23/09/2009) 04 09 25 32 33 43
(19/09/2009) 06 14 26 28 42 45
(16/09/2009) 06 08 11 14 29 52
(12/09/2009) 07 09 39 43 44 60
(09/09/2009) 03 09 20 36 53 54
(05/09/2009) 04 15 43 47 50 60
(02/09/2009) 01 15 28 43 50 57
(29/08/2009) 02 03 06 35 49 58
(26/08/2009) 10 19 28 41 55 56
(22/08/2009) 09 11 23 35 46 51
(19/08/2009) 06 07 10 12 24 57
(15/08/2009) 07 17 18 33 41 42
(12/08/2009) 14 31 35 38 44 55
(08/08/2009) 11 20 21 30 50 52
(05/08/2009) 01 17 21 33 48 56
(01/08/2009) 03 13 14 16 41 52
(29/07/2009) 10 16 21 23 27 36
(25/07/2009) 09 10 21 36 41 48
(22/07/2009) 19 23 27 38 41 49
(18/07/2009) 01 09 30 33 34 40
(15/07/2009) 17 23 24 27 49 56
(11/07/2009) 09 20 24 36 40 42
(08/07/2009) 02 18 20 32 37 48
(04/07/2009) 06 24 31 35 42 57
(01/07/2009) 03 20 28 32 36 46
(27/06/2009) 02 04 06 10 23 45
(24/06/2009) 12 21 39 40 50 55
(20/06/2009) 05 20 29 33 40 59
(17/06/2009) 10 20 23 28 42 43
(13/06/2009) 04 17 38 40 50 55
(10/06/2009) 09 16 24 29 52 56
(06/06/2009) 11 18 20 34 41 56
(03/06/2009) 05 12 24 28 36 37
(30/05/2009) 03 06 34 41 43 45
(27/05/2009) 05 06 09 11 18 37
(23/05/2009) 04 10 19 32 33 42
(20/05/2009) 10 12 16 21 39 53
(16/05/2009) 03 10 23 29 47 50
(13/05/2009) 08 25 32 34 36 44
(09/05/2009) 09 18 19 43 47 54
(06/05/2009) 05 07 37 43 53 54
(02/05/2009) 05 08 16 23 41 53
(29/04/2009) 09 17 28 45 49 53
(25/04/2009) 25 27 44 47 48 57
(22/04/2009) 04 10 14 25 28 56
(18/04/2009) 06 10 25 32 43 49
(15/04/2009) 07 19 30 39 43 57
(11/04/2009) 04 16 19 28 29 49
(08/04/2009) 01 22 44 47 49 50
(04/04/2009) 02 08 23 33 37 55
(01/04/2009) 09 21 23 30 41 56
(28/03/2009) 01 03 16 18 41 42
(25/03/2009) 01 12 14 16 37 45
(21/03/2009) 18 20 24 45 51 57
(18/03/2009) 02 03 04 15 49 59
(14/03/2009) 06 08 38 50 53 59
(11/03/2009) 12 15 16 20 27 32
(07/03/2009) 13 14 18 27 41 60
(04/03/2009) 15 27 34 42 49 53
(28/02/2009) 08 11 15 16 52 57
(25/02/2009) 07 10 11 13 43 57
(21/02/2009) 14 24 26 33 45 60
(18/02/2009) 02 05 17 29 34 52
(14/02/2009) 03 16 21 28 38 57
(11/02/2009) 01 02 08 10 14 48
(07/02/2009) 28 40 42 54 55 57
(04/02/2009) 01 05 06 17 31 50
(31/01/2009) 10 11 13 35 39 58
(28/01/2009) 14 21 25 48 51 60
(24/01/2009) 13 18 25 30 46 51
(21/01/2009) 10 12 36 44 54 57
(17/01/2009) 01 06 28 39 44 55
(14/01/2009) 02 20 24 27 36 52
(10/01/2009) 06 07 28 35 43 51
(07/01/2009) 04 36 44 46 53 56
(03/01/2009) 10 27 36 39 41 52
(31/12/2008) 01 11 26 51 59 60
(27/12/2008) 01 03 18 20 42 49
(24/12/2008) 05 06 17 33 39 54
(20/12/2008) 15 16 26 29 43 57
(17/12/2008) 24 33 40 43 46 49
(13/12/2008) 01 08 23 37 54 57
(10/12/2008) 05 16 17 20 24 32
(06/12/2008) 20 26 34 51 52 54
(03/12/2008) 18 20 33 44 47 60
(29/11/2008) 06 10 17 33 51 53
(26/11/2008) 10 27 28 29 40 52
(22/11/2008) 18 22 28 29 39 53
(19/11/2008) 02 07 08 18 40 45
(16/11/2008) 05 21 31 39 40 56
(12/11/2008) 02 33 42 43 51 55
(08/11/2008) 01 02 19 32 39 52
(05/11/2008) 04 13 23 29 46 47
(01/11/2008) 09 24 44 51 55 58
(29/10/2008) 06 19 31 34 51 56
(25/10/2008) 05 09 11 20 25 60
(22/10/2008) 03 08 17 26 28 49
(18/10/2008) 08 09 25 41 57 60
(15/10/2008) 07 09 12 19 20 41
(11/10/2008) 14 19 40 47 55 58
(08/10/2008) 02 11 21 30 35 52
(04/10/2008) 02 03 13 37 46 54
(01/10/2008) 01 06 12 29 34 58
(27/09/2008) 07 13 15 34 42 48
(24/09/2008) 04 27 36 37 49 52
(20/09/2008) 02 04 17 33 48 55
(17/09/2008) 04 06 12 37 41 42
(13/09/2008) 29 40 43 44 45 47
(10/09/2008) 05 10 16 23 26 27
(06/09/2008) 03 07 25 31 40 58
(03/09/2008) 12 15 27 37 51 60
(30/08/2008) 29 38 39 49 53 58
(27/08/2008) 18 24 36 44 55 58
(23/08/2008) 03 04 21 22 28 32
(20/08/2008) 09 17 18 32 53 55
(16/08/2008) 07 15 20 21 23 29
(13/08/2008) 04 16 31 36 54 55
(09/08/2008) 03 20 29 40 44 58
(06/08/2008) 05 24 25 26 42 60
(02/08/2008) 01 04 06 08 25 28
(30/07/2008) 08 09 15 38 41 60
(26/07/2008) 02 10 15 18 29 39
(23/07/2008) 02 21 27 29 32 38
(19/07/2008) 08 17 46 48 56 60
(16/07/2008) 13 27 31 34 47 58
(12/07/2008) 06 15 19 24 31 32
(09/07/2008) 04 16 18 46 56 59
(05/07/2008) 04 10 20 43 46 47
(02/07/2008) 16 22 32 38 40 45
(28/06/2008) 08 12 24 40 43 49
(25/06/2008) 01 08 34 41 53 58
(21/06/2008) 15 17 29 35 36 59
(18/06/2008) 03 15 28 31 39 51
(14/06/2008) 12 16 18 27 42 58
(11/06/2008) 03 05 07 09 17 32
(07/06/2008) 14 23 25 28 38 53
(04/06/2008) 09 30 33 37 40 41
(31/05/2008) 12 16 20 31 38 45
(28/05/2008) 01 08 30 36 47 53
(24/05/2008) 15 18 31 33 34 56
(21/05/2008) 04 11 14 33 44 45
(17/05/2008) 05 21 28 34 54 57
(14/05/2008) 13 25 35 41 50 56
(10/05/2008) 01 04 13 30 51 60
(07/05/2008) 05 13 14 18 30 57
(03/05/2008) 01 04 26 28 41 58
(30/04/2008) 05 30 36 39 57 58
(26/04/2008) 08 13 20 26 33 42
(23/04/2008) 15 17 37 48 50 59
(19/04/2008) 02 11 40 48 49 55
(16/04/2008) 02 04 16 21 36 53
(12/04/2008) 06 18 19 33 34 53
(09/04/2008) 03 05 11 33 39 57
(05/04/2008) 07 13 22 33 48 51
(02/04/2008) 24 25 32 34 50 57
(29/03/2008) 46 47 51 54 57 59
(26/03/2008) 05 12 21 32 33 35
(22/03/2008) 05 08 18 24 33 57
(19/03/2008) 01 16 39 42 48 55
(15/03/2008) 02 11 18 27 30 54
(12/03/2008) 14 24 34 39 49 55
(08/03/2008) 23 41 42 48 49 59
(05/03/2008) 01 23 41 44 51 52
(01/03/2008) 22 41 44 46 52 54
(27/02/2008) 03 05 11 14 33 58
(23/02/2008) 01 05 12 47 52 59
(20/02/2008) 04 08 27 44 54 59
(16/02/2008) 16 37 43 52 58 59
(13/02/2008) 03 12 23 41 47 58
(09/02/2008) 05 08 18 42 52 59
(06/02/2008) 10 11 15 27 53 60
(02/02/2008) 05 25 31 33 37 51
(30/01/2008) 06 19 23 37 49 50
(26/01/2008) 15 27 35 50 57 59
(23/01/2008) 02 21 22 30 41 52
(19/01/2008) 05 14 22 29 33 44
(16/01/2008) 07 13 18 29 31 45
(12/01/2008) 01 03 21 25 44 48
(09/01/2008) 08 14 25 39 45 51
(05/01/2008) 02 17 21 36 42 53
(31/12/2007) 07 17 19 34 36 39
(22/12/2007) 20 28 37 46 49 55
(19/12/2007) 16 27 35 39 49 57
(15/12/2007) 04 10 32 33 49 60
(12/12/2007) 19 23 26 31 33 36
(08/12/2007) 21 33 34 40 41 59
(05/12/2007) 08 22 36 37 46 52
(01/12/2007) 02 20 21 27 51 60
(28/11/2007) 02 15 39 50 53 57
(24/11/2007) 12 13 19 41 45 49
(21/11/2007) 01 09 35 41 48 57
(17/11/2007) 05 17 24 52 55 57
(14/11/2007) 03 25 31 41 43 60
(10/11/2007) 04 08 12 38 44 52
(07/11/2007) 23 25 30 46 47 59
(03/11/2007) 05 28 33 36 37 38
(31/10/2007) 17 20 26 28 48 49
(27/10/2007) 09 12 23 33 45 51
(24/10/2007) 14 30 36 38 46 59
(20/10/2007) 04 19 21 26 29 54
(17/10/2007) 01 06 28 29 46 49
(13/10/2007) 03 15 27 29 36 53
(10/10/2007) 17 22 26 28 38 42
(06/10/2007) 01 09 19 25 50 52
(03/10/2007) 09 36 37 41 51 53
(29/09/2007) 07 14 24 29 35 39
(26/09/2007) 02 04 15 16 55 57
(22/09/2007) 32 44 48 51 53 59
(19/09/2007) 05 17 20 32 41 55
(15/09/2007) 18 23 50 52 55 58
(12/09/2007) 13 16 32 33 34 56
(08/09/2007) 04 18 21 34 38 59
(05/09/2007) 18 20 36 53 54 58
(01/09/2007) 03 04 08 30 45 54
(29/08/2007) 07 21 22 43 46 57
(25/08/2007) 05 11 22 31 35 41
(22/08/2007) 02 41 43 55 57 58
(18/08/2007) 20 24 28 37 41 44
(15/08/2007) 03 18 26 51 53 56
(11/08/2007) 01 19 42 44 49 52
(08/08/2007) 15 16 19 22 34 35
(04/08/2007) 07 09 17 21 22 54
(01/08/2007) 20 24 34 39 54 60
(28/07/2007) 24 40 50 52 54 60
(25/07/2007) 01 12 21 32 34 44
(21/07/2007) 17 33 37 50 55 59
(18/07/2007) 04 13 31 33 47 51
(14/07/2007) 02 11 12 14 22 39
(11/07/2007) 21 32 37 52 53 60
(07/07/2007) 17 41 42 44 45 60
(04/07/2007) 04 18 24 43 51 56
(30/06/2007) 25 30 37 46 49 51
(27/06/2007) 10 28 29 35 42 46
(23/06/2007) 11 12 37 38 43 54
(20/06/2007) 13 15 20 28 31 36
(16/06/2007) 04 08 12 41 45 60
(13/06/2007) 18 20 24 36 53 58
(09/06/2007) 10 20 42 44 52 59
(06/06/2007) 04 19 30 34 57 59
(02/06/2007) 05 18 31 43 55 58
(30/05/2007) 01 05 10 17 47 58
(26/05/2007) 08 21 34 40 43 52
(23/05/2007) 27 29 42 49 50 51
(19/05/2007) 21 22 25 40 51 57
(16/05/2007) 10 19 26 28 44 54
(12/05/2007) 05 27 36 40 46 48
(09/05/2007) 23 26 27 41 51 53
(05/05/2007) 08 11 31 33 42 57
(02/05/2007) 15 24 32 50 53 57
(28/04/2007) 02 08 11 12 19 35
(25/04/2007) 39 40 42 47 59 60
(23/04/2007) 02 08 17 22 42 44
(18/04/2007) 09 12 34 46 47 57
(14/04/2007) 04 18 23 31 37 54
(11/04/2007) 02 03 17 49 50 59
(07/04/2007) 11 15 40 41 42 47
(04/04/2007) 03 24 31 42 43 53
(31/03/2007) 03 17 24 25 27 44
(28/03/2007) 30 38 46 51 56 59
(24/03/2007) 06 14 23 34 38 44
(21/03/2007) 03 16 19 32 35 58
(17/03/2007) 07 22 25 44 59 60
(14/03/2007) 08 09 39 44 49 58
(10/03/2007) 17 27 32 34 47 56
(07/03/2007) 14 15 27 42 44 48
(03/03/2007) 02 03 44 47 50 54
(28/02/2007) 14 19 20 40 48 52
(24/02/2007) 16 24 34 44 54 57
(17/02/2007) 01 16 34 36 45 48
(14/02/2007) 07 09 30 44 51 60
(10/02/2007) 07 22 32 36 38 51
(07/02/2007) 17 29 31 35 43 59
(03/02/2007) 07 08 11 18 37 43
(31/01/2007) 09 23 30 38 44 47
(27/01/2007) 05 06 16 24 34 60
(24/01/2007) 17 22 28 38 52 59
(20/01/2007) 18 31 33 49 57 58
(17/01/2007) 10 16 17 34 44 51
(13/01/2007) 13 16 46 53 57 58
(10/01/2007) 15 17 23 33 39 49
(06/01/2007) 03 32 33 42 48 50
(03/01/2007) 02 13 41 49 51 53
(31/12/2006) 10 14 32 47 50 56
(23/12/2006) 23 28 38 42 50 53
(21/12/2006) 18 24 30 42 51 56
(19/12/2006) 06 07 08 27 45 53
(16/12/2006) 10 21 28 40 41 47
(13/12/2006) 06 07 09 20 33 48
(09/12/2006) 01 15 26 51 54 59
(06/12/2006) 04 10 17 27 41 52
(02/12/2006) 04 29 33 36 38 42
(29/11/2006) 10 17 21 32 45 46
(25/11/2006) 05 19 25 46 51 58
(22/11/2006) 08 09 22 25 41 44
(18/11/2006) 10 29 30 34 43 52
(16/11/2006) 20 21 30 40 47 52
(11/11/2006) 09 19 37 39 50 57
(08/11/2006) 02 08 11 41 46 50
(04/11/2006) 09 15 23 45 46 56
(01/11/2006) 11 13 38 39 54 57
(28/10/2006) 10 28 32 41 47 57
(25/10/2006) 01 04 05 33 37 48
(21/10/2006) 05 11 15 23 25 30
(18/10/2006) 02 15 21 31 46 57
(14/10/2006) 02 08 27 32 49 56
(12/10/2006) 18 26 35 41 47 60
(07/10/2006) 02 30 36 43 48 60
(04/10/2006) 03 13 37 47 56 59
(30/09/2006) 03 05 10 21 28 57
(27/09/2006) 06 14 18 24 48 60
(23/09/2006) 11 19 20 22 42 48
(20/09/2006) 01 07 11 37 38 56
(16/09/2006) 19 29 35 42 55 57
(13/09/2006) 03 04 09 29 32 52
(09/09/2006) 06 12 47 48 52 58
(06/09/2006) 05 19 24 34 39 43
(02/09/2006) 14 21 26 29 36 48
(30/08/2006) 03 38 42 47 55 56
(26/08/2006) 03 15 16 33 51 57
(23/08/2006) 09 29 34 43 45 56
(19/08/2006) 09 14 19 35 42 58
(16/08/2006) 02 06 19 22 28 43
(12/08/2006) 06 31 38 39 50 60
(09/08/2006) 17 19 29 31 44 57
(05/08/2006) 20 31 34 37 54 60
(02/08/2006) 10 11 26 27 31 41
(29/07/2006) 05 08 17 35 37 48
(26/07/2006) 08 27 37 42 53 56
(22/07/2006) 04 08 21 32 43 48
(19/07/2006) 02 11 23 35 42 59
(15/07/2006) 08 10 13 39 54 56
(12/07/2006) 07 10 28 50 51 59
(08/07/2006) 25 26 29 36 52 54
(05/07/2006) 20 31 36 37 45 51
(01/07/2006) 02 14 23 28 50 56
(28/06/2006) 03 15 35 41 57 60
(24/06/2006) 12 27 42 46 47 50
(21/06/2006) 05 10 37 46 54 58
(17/06/2006) 03 05 14 29 34 51
(14/06/2006) 10 35 38 51 52 60
(10/06/2006) 14 21 29 34 46 47
(07/06/2006) 04 12 25 34 35 48
(03/06/2006) 12 16 20 21 29 50
(31/05/2006) 04 08 30 33 37 59
(27/05/2006) 15 22 32 38 50 54
(24/05/2006) 01 19 24 42 50 58
(21/05/2006) 03 10 16 30 37 50
(18/05/2006) 03 07 45 47 53 55
(13/05/2006) 01 09 26 40 47 48
(10/05/2006) 09 12 21 37 39 54
(06/05/2006) 13 17 27 29 40 56
(03/05/2006) 12 17 44 45 46 60
(29/04/2006) 30 31 39 45 48 59
(26/04/2006) 01 23 36 43 47 59
(22/04/2006) 12 17 18 30 32 58
(19/04/2006) 05 27 37 38 41 50
(15/04/2006) 04 12 30 47 49 59
(12/04/2006) 03 04 13 34 42 50
(08/04/2006) 02 07 22 35 43 59
(05/04/2006) 04 23 24 25 29 42
(01/04/2006) 04 07 20 25 38 50
(29/03/2006) 10 17 33 42 54 58
(25/03/2006) 04 24 47 48 50 57
(22/03/2006) 01 02 07 19 35 51
(18/03/2006) 02 03 12 21 23 56
(15/03/2006) 01 10 12 25 49 57
(11/03/2006) 02 16 21 37 43 57
(08/03/2006) 04 12 23 26 39 46
(04/03/2006) 20 23 25 32 54 60
(01/03/2006) 02 07 17 34 41 50
(25/02/2006) 24 26 27 36 39 59
(22/02/2006) 12 16 28 29 47 50
(18/02/2006) 06 10 35 45 49 56
(15/02/2006) 14 15 26 30 42 54
(11/02/2006) 11 12 24 32 33 38
(08/02/2006) 01 21 38 41 49 56
(04/02/2006) 09 15 38 40 42 52
(01/02/2006) 27 29 43 44 45 54
(28/01/2006) 02 12 26 31 43 46
(25/01/2006) 06 17 19 49 50 53
(21/01/2006) 06 15 16 23 28 35
(18/01/2006) 02 15 16 45 50 54
(14/01/2006) 05 18 33 43 56 57
(11/01/2006) 08 13 24 32 42 44
(07/01/2006) 04 12 14 30 42 59
(04/01/2006) 01 05 07 37 40 47
(31/12/2005) 03 09 35 37 41 49
(21/12/2005) 17 27 34 48 51 55
(17/12/2005) 01 06 16 36 50 52
(14/12/2005) 09 18 36 44 57 60
(10/12/2005) 03 14 23 25 36 55
(07/12/2005) 12 31 44 51 54 56
(03/12/2005) 03 32 37 39 47 53
(30/11/2005) 07 21 33 35 39 58
(26/11/2005) 06 17 23 28 35 41
(23/11/2005) 02 07 16 29 32 50
(19/11/2005) 04 12 24 33 36 54
(16/11/2005) 07 08 17 35 39 53
(12/11/2005) 01 12 16 26 46 54
(09/11/2005) 07 08 35 43 53 58
(05/11/2005) 05 10 33 40 41 59
(29/10/2005) 05 25 34 39 46 49
(26/10/2005) 04 06 09 22 29 44
(22/10/2005) 07 09 13 39 45 47
(19/10/2005) 01 08 10 36 43 51
(15/10/2005) 02 07 10 17 22 60
(08/10/2005) 03 11 13 15 26 43
(05/10/2005) 02 04 18 27 34 50
(01/10/2005) 02 11 24 27 30 45
(28/09/2005) 01 18 45 56 57 58
(24/09/2005) 01 13 23 31 48 60
(21/09/2005) 02 03 14 24 31 40
(19/09/2005) 17 23 48 50 53 54
(14/09/2005) 08 12 22 27 43 55
(10/09/2005) 28 31 32 35 51 53
(03/09/2005) 09 16 34 37 53 57
(31/08/2005) 06 11 13 21 40 52
(27/08/2005) 15 19 29 37 41 53
(24/08/2005) 13 14 17 31 41 50
(20/08/2005) 11 18 33 57 58 60
(17/08/2005) 08 16 37 50 55 58
(13/08/2005) 08 12 15 41 47 53
(10/08/2005) 06 07 31 49 51 60
(06/08/2005) 11 21 30 35 47 52
(03/08/2005) 01 07 14 41 48 59
(30/07/2005) 04 05 15 26 33 54
(27/07/2005) 05 12 27 33 43 56
(23/07/2005) 17 19 33 37 40 50
(20/07/2005) 02 11 12 35 40 43
(16/07/2005) 04 27 36 37 47 60
(13/07/2005) 21 25 38 53 58 59
(09/07/2005) 02 03 05 22 26 44
(06/07/2005) 03 21 25 37 54 58
(02/07/2005) 14 31 40 42 44 46
(29/06/2005) 08 10 25 32 48 55
(25/06/2005) 09 15 32 41 42 49
(22/06/2005) 24 25 30 42 43 50
(18/06/2005) 18 22 29 32 38 42
(15/06/2005) 06 11 20 34 37 40
(11/06/2005) 24 28 34 38 43 53
(08/06/2005) 09 16 27 38 39 51
(04/06/2005) 22 37 42 48 58 59
(01/06/2005) 07 24 27 40 41 49
(28/05/2005) 01 02 14 33 49 56
(25/05/2005) 01 04 05 16 23 49
(21/05/2005) 07 16 26 29 45 55
(18/05/2005) 07 08 18 25 47 48
(14/05/2005) 01 12 36 38 55 59
(11/05/2005) 01 27 30 49 51 55
(07/05/2005) 04 18 23 25 56 60
(04/05/2005) 04 27 36 40 42 55
(30/04/2005) 05 11 38 46 53 54
(27/04/2005) 14 29 34 40 51 52
(23/04/2005) 03 06 11 20 36 41
(20/04/2005) 16 20 33 58 59 60
(16/04/2005) 35 36 37 46 51 59
(13/04/2005) 01 26 37 39 43 48
(09/04/2005) 06 10 11 40 41 56
(06/04/2005) 05 09 19 24 31 34
(02/04/2005) 10 18 20 24 56 57
(30/03/2005) 26 28 39 45 48 60
(26/03/2005) 10 24 25 29 53 59
(23/03/2005) 09 24 33 41 48 54
(19/03/2005) 05 23 29 42 45 48
(16/03/2005) 11 12 14 19 54 56
(12/03/2005) 10 13 32 47 49 60
(09/03/2005) 03 24 48 52 53 54
(05/03/2005) 14 27 29 31 34 57
(02/03/2005) 14 24 37 40 42 45
(26/02/2005) 17 36 40 44 51 56
(23/02/2005) 01 09 13 17 33 34
(19/02/2005) 12 19 42 46 59 60
(16/02/2005) 13 35 39 45 51 60
(12/02/2005) 10 11 36 41 42 50
(05/02/2005) 11 18 43 48 52 58
(02/02/2005) 26 28 30 32 34 50
(29/01/2005) 08 20 26 37 42 49
(26/01/2005) 10 13 24 41 42 56
(22/01/2005) 05 11 22 27 46 50
(19/01/2005) 02 19 28 48 51 54
(15/01/2005) 01 20 28 32 44 47
(12/01/2005) 12 16 20 45 53 60
(08/01/2005) 15 16 39 40 47 51
(05/01/2005) 08 16 22 30 56 58
(29/12/2004) 01 13 19 45 56 58
(22/12/2004) 07 08 18 22 39 49
(18/12/2004) 12 24 32 40 42 59
(15/12/2004) 08 23 34 39 43 52
(11/12/2004) 09 23 30 42 49 55
(08/12/2004) 19 27 29 38 50 59
(04/12/2004) 26 29 31 49 50 57
(01/12/2004) 01 03 13 22 29 32
(27/11/2004) 08 12 14 16 19 46
(24/11/2004) 03 08 10 13 24 60
(20/11/2004) 03 05 25 33 36 49
(17/11/2004) 02 12 16 24 26 54
(13/11/2004) 05 08 10 27 31 51
(10/11/2004) 12 16 31 48 57 60
(06/11/2004) 06 13 19 44 54 55
(03/11/2004) 15 18 33 50 53 55
(30/10/2004) 16 21 22 33 48 49
(27/10/2004) 25 30 43 45 47 49
(23/10/2004) 02 06 15 58 59 60
(20/10/2004) 06 13 19 24 30 37
(16/10/2004) 06 11 19 27 41 59
(13/10/2004) 06 23 32 35 41 55
(09/10/2004) 04 24 44 49 52 53
(06/10/2004) 15 25 41 46 49 51
(02/10/2004) 04 08 11 12 29 44
(29/09/2004) 07 13 38 46 55 60
(25/09/2004) 10 19 22 29 30 37
(22/09/2004) 16 18 31 34 39 54
(18/09/2004) 04 06 09 23 45 51
(15/09/2004) 05 16 34 38 50 53
(11/09/2004) 22 27 29 40 42 56
(08/09/2004) 11 14 28 43 54 60
(04/09/2004) 01 02 25 43 50 54
(01/09/2004) 10 13 29 47 53 55
(28/08/2004) 01 25 27 29 49 59
(25/08/2004) 13 14 42 47 55 59
(21/08/2004) 01 03 18 34 50 58
(18/08/2004) 04 05 18 25 28 51
(14/08/2004) 06 07 08 13 33 59
(11/08/2004) 11 13 45 46 53 55
(07/08/2004) 02 18 29 30 36 60
(04/08/2004) 11 13 38 39 45 54
(31/07/2004) 12 24 33 36 39 57
(28/07/2004) 07 08 23 30 32 53
(24/07/2004) 06 07 20 41 43 55
(21/07/2004) 13 29 40 45 51 59
(17/07/2004) 14 17 25 30 39 52
(14/07/2004) 15 16 18 28 38 47
(10/07/2004) 04 09 15 17 34 39
(07/07/2004) 03 18 23 48 56 58
(03/07/2004) 08 23 24 28 31 47
(30/06/2004) 07 08 18 39 43 52
(26/06/2004) 05 18 21 29 35 48
(23/06/2004) 02 10 17 23 32 44
(19/06/2004) 06 17 22 29 40 59
(16/06/2004) 03 09 16 20 33 60
(12/06/2004) 12 13 14 31 50 51
(09/06/2004) 15 32 33 35 36 51
(05/06/2004) 03 09 14 15 32 57
(02/06/2004) 13 17 22 25 29 41
(29/05/2004) 11 31 38 41 57 58
(26/05/2004) 06 13 17 18 20 37
(22/05/2004) 07 31 34 35 37 45
(19/05/2004) 10 13 20 32 38 49
(15/05/2004) 05 08 23 34 44 51
(12/05/2004) 16 23 35 37 55 57
(08/05/2004) 01 20 36 39 49 55
(05/05/2004) 02 11 18 30 32 58
(01/05/2004) 06 13 17 25 36 53
(28/04/2004) 07 14 31 57 58 59
(24/04/2004) 08 12 18 23 38 49
(21/04/2004) 08 10 17 30 33 45
(17/04/2004) 05 23 31 33 45 49
(14/04/2004) 15 29 31 42 47 60
(10/04/2004) 04 43 46 53 54 58
(07/04/2004) 09 22 47 49 52 54
(03/04/2004) 12 21 46 48 56 57
(31/03/2004) 16 17 38 39 45 56
(27/03/2004) 08 13 22 46 51 58
(24/03/2004) 14 47 49 51 58 59
(20/03/2004) 04 13 28 30 53 59
(17/03/2004) 04 05 13 17 46 54
(13/03/2004) 17 29 35 40 43 57
(10/03/2004) 11 17 33 34 47 56
(06/03/2004) 35 37 42 46 49 54
(03/03/2004) 04 06 19 28 35 49
(28/02/2004) 13 27 49 52 57 58
(21/02/2004) 04 22 28 30 44 49
(18/02/2004) 06 16 19 47 50 55
(14/02/2004) 03 25 43 45 52 56
(11/02/2004) 03 07 19 34 37 39
(07/02/2004) 14 15 22 23 25 37
(04/02/2004) 06 14 28 47 49 56
(31/01/2004) 03 08 23 31 48 57
(28/01/2004) 13 18 21 27 53 59
(24/01/2004) 04 09 12 13 52 53
(21/01/2004) 01 03 07 18 35 50
(17/01/2004) 01 06 21 25 32 49
(14/01/2004) 01 13 33 38 45 56
(10/01/2004) 08 12 28 31 34 37
(07/01/2004) 06 14 17 26 50 52
(03/01/2004) 03 21 31 36 55 59
(27/12/2003) 08 10 24 26 32 49
(20/12/2003) 19 29 34 41 47 48
(17/12/2003) 28 39 40 44 45 58
(13/12/2003) 06 14 15 25 49 52
(10/12/2003) 15 25 28 32 38 45
(06/12/2003) 09 12 17 32 34 35
(03/12/2003) 09 15 19 22 36 42
(29/11/2003) 05 08 10 15 18 44
(26/11/2003) 07 08 28 32 38 51
(22/11/2003) 05 13 24 33 34 35
(19/11/2003) 15 16 39 45 48 57
(15/11/2003) 15 36 40 42 51 52
(12/11/2003) 10 19 27 33 39 46
(08/11/2003) 04 08 31 40 53 58
(05/11/2003) 03 04 08 34 36 37
(01/11/2003) 01 04 30 41 45 58
(29/10/2003) 28 32 33 34 35 55
(25/10/2003) 05 10 15 45 46 56
(22/10/2003) 03 05 27 33 44 58
(18/10/2003) 04 15 31 34 37 38
(15/10/2003) 03 20 28 46 47 52
(11/10/2003) 08 11 19 30 39 50
(08/10/2003) 07 10 21 27 48 49
(04/10/2003) 07 13 21 24 33 50
(01/10/2003) 16 27 28 34 39 56
(27/09/2003) 21 29 35 36 38 54
(20/09/2003) 01 04 05 11 44 59
(17/09/2003) 02 06 28 49 50 57
(13/09/2003) 09 13 20 32 41 58
(10/09/2003) 10 19 20 29 41 59
(06/09/2003) 08 15 29 36 49 60
(03/09/2003) 18 20 28 32 49 53
(30/08/2003) 03 18 20 24 42 54
(27/08/2003) 02 06 15 18 56 57
(23/08/2003) 01 09 15 22 43 55
(20/08/2003) 05 11 23 29 54 58
(16/08/2003) 17 28 33 36 53 59
(13/08/2003) 15 30 35 39 43 57
(09/08/2003) 08 22 25 48 52 54
(06/08/2003) 08 14 19 30 42 50
(02/08/2003) 19 28 30 38 52 57
(30/07/2003) 17 18 19 38 49 53
(26/07/2003) 16 18 23 35 44 59
(23/07/2003) 12 13 33 53 54 56
(19/07/2003) 06 13 22 24 42 44
(16/07/2003) 14 33 36 38 41 49
(12/07/2003) 20 26 41 46 54 58
(09/07/2003) 03 08 21 25 30 31
(05/07/2003) 06 08 18 34 38 47
(02/07/2003) 17 20 38 43 55 58
(28/06/2003) 06 08 19 22 43 52
(25/06/2003) 03 12 32 34 40 50
(21/06/2003) 07 23 41 49 51 58
(18/06/2003) 03 04 12 29 38 51
(14/06/2003) 05 31 32 36 51 59
(11/06/2003) 08 11 23 37 51 58
(07/06/2003) 13 21 26 29 42 47
(04/06/2003) 05 06 23 25 39 51
(31/05/2003) 08 18 21 22 38 60
(28/05/2003) 11 16 28 29 30 45
(24/05/2003) 01 22 31 46 51 57
(21/05/2003) 06 24 33 38 45 50
(17/05/2003) 02 03 07 18 45 53
(14/05/2003) 17 19 22 26 27 48
(10/05/2003) 15 17 20 29 30 60
(07/05/2003) 19 23 30 37 49 55
(03/05/2003) 08 15 17 39 43 49
(30/04/2003) 13 24 32 34 43 53
(26/04/2003) 15 17 24 27 32 48
(23/04/2003) 03 17 22 27 33 40
(19/04/2003) 02 14 15 17 50 59
(16/04/2003) 04 17 24 42 46 56
(12/04/2003) 08 20 23 34 52 58
(09/04/2003) 11 16 30 36 51 54
(05/04/2003) 17 18 23 28 31 53
(02/04/2003) 01 09 13 50 51 59
(29/03/2003) 01 08 24 34 49 56
(26/03/2003) 03 05 09 45 51 52
(22/03/2003) 15 24 25 33 42 55
(19/03/2003) 08 11 12 17 20 47
(15/03/2003) 07 20 31 32 50 53
(12/03/2003) 03 24 33 48 52 57
(08/03/2003) 11 17 26 36 48 52
(01/03/2003) 06 15 23 31 37 59
(26/02/2003) 02 10 15 21 58 59
(22/02/2003) 03 05 23 30 46 47
(19/02/2003) 13 20 29 42 43 57
(15/02/2003) 03 05 11 14 38 48
(12/02/2003) 07 10 30 44 54 59
(08/02/2003) 01 06 07 29 48 57
(05/02/2003) 10 11 17 31 37 43
(01/02/2003) 04 10 17 24 30 54
(29/01/2003) 16 17 28 30 36 54
(25/01/2003) 04 13 17 27 39 50
(22/01/2003) 26 37 40 47 52 58
(18/01/2003) 08 10 21 25 38 50
(15/01/2003) 17 26 32 36 43 55
(11/01/2003) 08 28 30 32 46 60
(08/01/2003) 03 13 14 24 43 51
(04/01/2003) 07 30 32 37 50 54
(28/12/2002) 06 10 16 34 42 47
(21/12/2002) 18 27 29 36 46 59
(18/12/2002) 08 22 32 33 40 53
(14/12/2002) 12 37 43 55 56 60
(11/12/2002) 05 35 37 38 45 51
(07/12/2002) 12 29 30 43 57 59
(04/12/2002) 09 16 41 42 52 53
(30/11/2002) 08 15 32 45 49 52
(27/11/2002) 07 12 21 25 34 42
(23/11/2002) 01 13 23 33 54 56
(20/11/2002) 01 04 27 38 42 44
(16/11/2002) 16 26 35 45 52 58
(13/11/2002) 02 04 29 33 35 53
(09/11/2002) 05 12 14 21 45 59
(06/11/2002) 10 12 31 38 45 56
(02/11/2002) 08 24 31 36 38 55
(30/10/2002) 18 25 26 31 34 49
(26/10/2002) 14 28 33 44 49 56
(23/10/2002) 02 18 22 49 51 57
(19/10/2002) 02 12 32 38 47 48
(16/10/2002) 24 29 34 47 57 60
(12/10/2002) 01 24 28 38 40 58
(09/10/2002) 07 16 27 31 46 60
(05/10/2002) 05 16 27 43 56 58
(02/10/2002) 11 18 43 44 50 53
(28/09/2002) 10 13 28 29 54 59
(25/09/2002) 11 16 27 47 55 59
(21/09/2002) 07 16 22 28 36 37
(18/09/2002) 01 02 05 24 32 46
(14/09/2002) 06 18 34 42 45 47
(11/09/2002) 10 11 14 20 31 58
(07/09/2002) 05 15 35 42 45 49
(04/09/2002) 06 12 35 36 40 50
(31/08/2002) 15 23 31 39 47 49
(28/08/2002) 04 07 15 16 35 40
(24/08/2002) 07 12 22 34 38 53
(21/08/2002) 05 14 18 43 46 54
(17/08/2002) 23 36 48 52 53 58
(14/08/2002) 22 28 29 43 47 48
(10/08/2002) 17 35 36 39 43 54
(07/08/2002) 05 12 16 18 22 24
(03/08/2002) 24 28 40 47 50 52
(31/07/2002) 14 22 48 50 53 56
(27/07/2002) 31 34 37 38 53 54
(24/07/2002) 09 10 28 46 55 56
(20/07/2002) 13 22 30 31 47 57
(17/07/2002) 24 33 40 41 55 59
(13/07/2002) 05 38 41 45 48 55
(10/07/2002) 03 12 19 27 45 46
(06/07/2002) 10 13 25 35 43 48
(03/07/2002) 01 05 09 42 51 58
(29/06/2002) 02 05 16 26 44 54
(26/06/2002) 01 05 10 24 31 33
(22/06/2002) 16 17 24 39 46 57
(19/06/2002) 04 18 23 33 39 60
(15/06/2002) 01 04 40 42 51 54
(12/06/2002) 01 14 21 35 42 60
(08/06/2002) 13 29 32 38 44 50
(05/06/2002) 10 12 27 33 49 52
(01/06/2002) 04 06 07 15 21 51
(29/05/2002) 19 23 34 37 52 58
(25/05/2002) 05 29 44 51 57 59
(22/05/2002) 19 29 39 47 49 54
(18/05/2002) 07 20 33 37 46 56
(15/05/2002) 16 28 31 41 45 59
(11/05/2002) 23 24 29 47 53 55
(08/05/2002) 13 19 20 29 31 54
(04/05/2002) 12 17 21 32 40 42
(27/04/2002) 02 30 32 35 45 53
(24/04/2002) 05 19 21 54 56 58
(20/04/2002) 02 14 22 23 37 60
(17/04/2002) 07 16 38 40 41 52
(13/04/2002) 19 23 30 46 55 60
(10/04/2002) 07 20 25 44 47 49
(06/04/2002) 15 16 24 41 59 60
(03/04/2002) 10 15 23 30 43 57
(30/03/2002) 08 09 28 32 38 54
(27/03/2002) 19 30 33 39 40 52
(23/03/2002) 01 10 12 26 48 52
(20/03/2002) 07 12 41 46 56 60
(16/03/2002) 11 22 46 51 56 58
(13/03/2002) 10 12 14 33 35 36
(09/03/2002) 04 06 07 12 24 41
(06/03/2002) 16 29 34 49 51 54
(02/03/2002) 05 16 22 23 43 56
(27/02/2002) 09 10 12 33 42 60
(23/02/2002) 05 12 13 16 27 50
(20/02/2002) 01 04 09 36 46 48
(16/02/2002) 04 14 16 31 52 54
(09/02/2002) 02 18 22 26 30 54
(06/02/2002) 07 23 33 43 57 59
(02/02/2002) 14 23 24 26 41 51
(30/01/2002) 04 27 35 44 52 53
(26/01/2002) 23 28 29 34 42 44
(23/01/2002) 01 13 20 27 35 37
(19/01/2002) 02 04 14 23 37 51
(16/01/2002) 10 11 12 24 35 40
(12/01/2002) 05 07 14 21 23 51
(09/01/2002) 29 32 33 38 46 48
(05/01/2002) 21 23 40 44 51 52
(29/12/2001) 01 03 04 21 23 53
(22/12/2001) 08 15 22 25 30 47
(19/12/2001) 26 31 33 40 49 54
(15/12/2001) 11 18 29 44 47 56
(12/12/2001) 04 11 31 32 48 49
(08/12/2001) 20 22 27 47 50 53
(05/12/2001) 12 16 17 19 23 48
(01/12/2001) 03 19 20 31 40 53
(28/11/2001) 16 20 27 30 35 48
(24/11/2001) 06 24 28 43 51 56
(21/11/2001) 12 21 22 28 43 50
(17/11/2001) 05 32 34 37 40 58
(14/11/2001) 14 16 24 37 38 53
(10/11/2001) 14 23 30 41 47 50
(07/11/2001) 22 24 30 32 38 41
(03/11/2001) 02 14 28 29 31 32
(31/10/2001) 04 11 25 39 50 55
(27/10/2001) 04 11 25 29 39 55
(24/10/2001) 13 16 17 26 41 44
(20/10/2001) 19 30 41 47 56 57
(17/10/2001) 05 11 27 38 53 60
(13/10/2001) 07 11 34 41 42 59
(10/10/2001) 07 13 17 30 37 47
(06/10/2001) 12 25 30 40 41 60
(03/10/2001) 09 26 48 49 57 58
(29/09/2001) 24 27 28 38 41 57
(26/09/2001) 02 05 07 33 49 53
(22/09/2001) 05 22 23 24 34 60
(19/09/2001) 01 20 28 33 36 41
(15/09/2001) 03 20 42 46 51 52
(12/09/2001) 07 12 24 31 44 50
(08/09/2001) 22 25 28 41 45 57
(05/09/2001) 05 06 07 12 28 35
(01/09/2001) 13 23 24 34 45 53
(29/08/2001) 05 16 17 18 22 41
(25/08/2001) 07 25 26 30 40 57
(22/08/2001) 06 07 20 25 30 36
(18/08/2001) 06 09 11 17 18 50
(15/08/2001) 03 13 25 33 47 60
(11/08/2001) 29 35 37 44 47 56
(08/08/2001) 12 32 37 41 50 56
(04/08/2001) 07 08 14 30 32 36
(01/08/2001) 25 28 34 42 48 54
(28/07/2001) 09 14 23 24 33 36
(21/07/2001) 05 11 31 38 47 53
(14/07/2001) 05 16 20 25 30 58
(07/07/2001) 04 23 31 47 58 59
(30/06/2001) 10 15 18 22 31 55
(23/06/2001) 04 26 38 40 52 56
(16/06/2001) 22 39 45 53 57 59
(09/06/2001) 16 19 30 37 38 48
(02/06/2001) 11 13 18 26 39 47
(26/05/2001) 10 17 23 27 47 52
(19/05/2001) 09 10 24 36 56 58
(12/05/2001) 14 24 26 29 31 54
(05/05/2001) 05 09 27 35 40 45
(28/04/2001) 17 18 19 25 49 52
(21/04/2001) 05 06 10 21 33 47
(14/04/2001) 01 08 45 46 55 58
(07/04/2001) 02 23 38 46 48 54
(31/03/2001) 07 16 34 41 50 53
(24/03/2001) 01 05 13 25 31 33
(17/03/2001) 08 09 26 43 50 53
(10/03/2001) 11 20 48 53 58 60
(03/03/2001) 05 16 20 30 54 56
(24/02/2001) 04 06 33 43 59 60
(17/02/2001) 13 15 20 33 43 58
(10/02/2001) 07 12 50 54 55 60
(03/02/2001) 01 04 05 19 28 34
(27/01/2001) 02 21 26 32 34 52
(20/01/2001) 16 19 20 32 44 55
(13/01/2001) 01 04 21 22 30 56
(06/01/2001) 11 12 24 37 44 56
(30/12/2000) 04 17 26 32 51 54
(23/12/2000) 15 23 30 34 49 55
(16/12/2000) 07 25 41 42 43 55
(09/12/2000) 21 36 40 49 54 55
(02/12/2000) 16 32 34 35 41 56
(25/11/2000) 03 10 23 30 34 46
(18/11/2000) 02 16 32 37 43 57
(11/11/2000) 08 27 44 51 53 60
(04/11/2000) 19 24 33 47 50 60
(28/10/2000) 11 16 20 23 32 47
(21/10/2000) 04 07 21 22 28 56
(14/10/2000) 11 31 35 40 56 57
(07/10/2000) 25 28 38 41 57 59
(30/09/2000) 06 21 33 44 46 47
(23/09/2000) 09 13 15 37 41 42
(16/09/2000) 07 31 36 45 56 57
(09/09/2000) 10 25 50 52 57 60
(02/09/2000) 02 22 29 31 41 55
(26/08/2000) 15 25 41 42 45 54
(19/08/2000) 03 07 24 32 36 45
(12/08/2000) 19 22 29 37 41 59
(05/08/2000) 16 27 36 42 44 59
(29/07/2000) 08 40 41 44 53 56
(22/07/2000) 11 13 21 33 39 45
(15/07/2000) 13 16 40 43 45 59
(08/07/2000) 11 26 27 37 42 48
(01/07/2000) 01 02 38 49 50 59
(24/06/2000) 02 04 16 21 37 58
(17/06/2000) 07 16 18 20 21 44
(10/06/2000) 02 06 22 24 28 58
(03/06/2000) 05 19 30 48 52 55
(27/05/2000) 13 27 43 50 54 58
(20/05/2000) 13 14 36 53 55 60
(13/05/2000) 23 26 28 36 42 49
(06/05/2000) 12 17 40 42 47 54
(29/04/2000) 03 27 32 45 49 51
(22/04/2000) 14 18 30 35 42 59
(15/04/2000) 07 28 37 46 53 58
(08/04/2000) 06 12 30 31 35 50
(01/04/2000) 03 09 23 30 32 35
(25/03/2000) 06 15 29 45 57 59
(18/03/2000) 10 20 33 40 45 50
(11/03/2000) 20 32 37 38 48 58
(04/03/2000) 13 21 26 32 41 52
(26/02/2000) 15 23 24 25 47 57
(19/02/2000) 03 07 19 24 53 55
(12/02/2000) 18 20 26 34 51 56
(05/02/2000) 26 32 40 43 46 54
(29/01/2000) 29 31 39 41 51 58
(22/01/2000) 11 19 29 44 47 55
(15/01/2000) 12 24 44 45 49 53
(08/01/2000) 05 20 22 30 35 55
(31/12/1999) 12 15 19 34 44 51
(24/12/1999) 10 16 37 50 52 57
(18/12/1999) 01 08 18 23 35 40
(11/12/1999) 05 12 15 19 29 52
(04/12/1999) 07 09 14 17 24 32
(27/11/1999) 03 09 17 32 37 44
(20/11/1999) 25 28 32 33 42 43
(13/11/1999) 04 11 12 19 43 49
(06/11/1999) 01 26 28 41 54 60
(31/10/1999) 01 03 05 23 41 58
(24/10/1999) 05 10 21 32 40 42
(16/10/1999) 04 15 31 38 41 53
(10/10/1999) 17 27 34 42 43 46
(02/10/1999) 06 36 41 44 48 58
(25/09/1999) 14 23 24 25 26 51
(18/09/1999) 17 22 43 46 55 59
(11/09/1999) 09 16 21 34 41 60
(04/09/1999) 02 07 11 16 40 44
(28/08/1999) 03 05 10 28 46 60
(21/08/1999) 01 27 33 35 51 55
(14/08/1999) 06 23 29 39 51 60
(07/08/1999) 05 06 23 26 27 53
(31/07/1999) 05 15 19 26 27 33
(24/07/1999) 22 35 38 39 41 59
(17/07/1999) 01 03 04 28 45 53
(10/07/1999) 01 10 13 20 42 50
(03/07/1999) 11 22 23 36 52 59
(26/06/1999) 17 28 29 42 49 50
(19/06/1999) 10 14 26 35 36 49
(12/06/1999) 04 27 40 43 46 54
(05/06/1999) 07 41 46 51 55 58
(29/05/1999) 01 13 21 37 51 52
(22/05/1999) 02 09 31 35 45 50
(15/05/1999) 01 11 28 33 38 48
(08/05/1999) 12 13 22 57 59 60
(01/05/1999) 10 19 23 35 39 56
(24/04/1999) 04 10 14 19 28 44
(17/04/1999) 08 27 36 41 53 56
(10/04/1999) 21 23 33 38 48 51
(03/04/1999) 06 25 30 37 39 41
(27/03/1999) 02 13 42 52 54 58
(20/03/1999) 09 11 16 35 50 58
(13/03/1999) 04 14 17 43 51 58
(06/03/1999) 04 13 17 21 41 44
(27/02/1999) 17 23 42 49 52 55
(20/02/1999) 12 30 32 35 43 44
(13/02/1999) 08 10 24 33 45 48
(06/02/1999) 02 30 31 42 45 47
(30/01/1999) 05 12 15 29 51 58
(23/01/1999) 03 16 20 43 52 56
(16/01/1999) 12 44 50 52 54 55
(09/01/1999) 07 11 20 28 45 48
(31/12/1998) 32 35 41 55 58 59
(24/12/1998) 06 16 23 24 28 38
(19/12/1998) 25 32 34 42 51 60
(12/12/1998) 15 16 31 41 43 51
(05/12/1998) 08 32 36 44 45 55
(28/11/1998) 06 18 20 40 50 53
(21/11/1998) 08 15 19 20 54 59
(14/11/1998) 10 13 22 41 42 58
(07/11/1998) 07 31 41 44 46 55
(31/10/1998) 03 13 26 27 41 42
(24/10/1998) 05 14 27 37 40 41
(17/10/1998) 15 16 19 22 26 49
(10/10/1998) 01 17 25 38 45 59
(03/10/1998) 21 22 35 40 53 59
(26/09/1998) 04 25 32 36 52 60
(19/09/1998) 05 06 19 34 39 57
(12/09/1998) 07 09 35 41 44 50
(05/09/1998) 04 09 17 27 30 44
(29/08/1998) 13 29 38 42 49 53
(22/08/1998) 01 09 10 32 46 54
(15/08/1998) 03 09 18 21 23 43
(08/08/1998) 21 29 50 51 54 59
(01/08/1998) 06 10 11 28 32 40
(25/07/1998) 25 41 47 53 56 59
(18/07/1998) 05 15 34 41 52 57
(11/07/1998) 13 14 16 26 32 42
(04/07/1998) 11 17 20 39 43 53
(27/06/1998) 02 29 41 44 53 55
(20/06/1998) 03 16 27 40 45 46
(13/06/1998) 01 21 36 38 47 50
(06/06/1998) 09 22 25 37 56 57
(30/05/1998) 20 25 27 33 42 53
(23/05/1998) 05 13 32 36 42 51
(16/05/1998) 04 06 14 20 24 38
(09/05/1998) 06 12 18 37 47 54
(02/05/1998) 07 26 28 34 54 55
(25/04/1998) 12 20 34 37 42 43
(18/04/1998) 04 22 25 32 33 52
(11/04/1998) 18 31 43 52 57 58
(04/04/1998) 01 13 44 48 49 54
(29/03/1998) 21 24 29 34 59 60
(22/03/1998) 02 04 16 24 51 52
(15/03/1998) 05 16 24 35 38 39
(08/03/1998) 03 13 31 43 46 49
(01/03/1998) 01 04 13 21 38 52
(22/02/1998) 01 07 09 49 54 57
(15/02/1998) 19 20 37 42 44 56
(08/02/1998) 01 18 29 31 37 39
(01/02/1998) 14 29 30 46 48 51
(25/01/1998) 11 24 30 33 46 60
(18/01/1998) 13 14 31 33 35 43
(11/01/1998) 05 11 14 35 53 56
(04/01/1998) 04 07 26 40 42 58
(28/12/1997) 06 40 45 46 50 60
(21/12/1997) 08 18 28 51 52 55
(14/12/1997) 02 22 28 31 36 53
(07/12/1997) 01 03 05 23 24 51
(30/11/1997) 02 04 10 35 39 60
(23/11/1997) 09 21 26 40 52 54
(16/11/1997) 13 34 42 44 55 59
(09/11/1997) 04 18 29 37 43 45
(02/11/1997) 04 05 11 28 32 40
(26/10/1997) 06 21 22 34 36 54
(19/10/1997) 06 15 30 37 45 47
(12/10/1997) 04 06 10 25 34 40
(05/10/1997) 04 15 16 24 42 57
(28/09/1997) 15 18 29 36 51 53
(21/09/1997) 10 23 41 47 54 60
(14/09/1997) 23 28 37 40 48 51
(07/09/1997) 02 13 17 25 31 43
(31/08/1997) 12 22 25 31 32 46
(24/08/1997) 21 29 40 49 54 57
(17/08/1997) 08 17 18 23 33 53
(10/08/1997) 21 24 35 36 37 49
(03/08/1997) 02 24 34 37 38 50
(27/07/1997) 25 26 28 45 51 57
(20/07/1997) 01 19 34 43 44 48
(13/07/1997) 16 27 33 43 45 53
(06/07/1997) 17 23 27 40 43 58
(29/06/1997) 25 34 45 53 56 58
(22/06/1997) 01 03 12 13 53 59
(15/06/1997) 12 14 17 27 47 52
(08/06/1997) 12 13 15 26 33 48
(01/06/1997) 01 05 20 25 32 34
(25/05/1997) 08 12 23 50 54 60
(18/05/1997) 09 25 26 40 41 49
(11/05/1997) 06 08 13 24 31 52
(04/05/1997) 08 18 29 42 44 59
(27/04/1997) 03 14 15 20 21 38
(20/04/1997) 02 08 13 28 34 54
(13/04/1997) 12 27 30 37 44 49
(06/04/1997) 07 16 17 27 34 59
(30/03/1997) 02 07 20 35 51 59
(23/03/1997) 02 14 23 29 38 52
(16/03/1997) 05 09 18 21 36 56
(09/03/1997) 03 13 16 38 42 46
(02/03/1997) 15 30 38 46 58 59
(23/02/1997) 17 23 24 25 42 47
(16/02/1997) 06 16 21 44 57 58
(09/02/1997) 07 13 33 35 43 55
(02/02/1997) 02 05 28 34 47 50
(26/01/1997) 03 17 25 35 48 56
(19/01/1997) 01 23 24 32 46 60
(12/01/1997) 07 30 37 44 53 55
(05/01/1997) 14 18 29 38 44 47
(29/12/1996) 02 06 17 25 26 58
(22/12/1996) 07 11 19 24 33 36
(15/12/1996) 12 26 35 38 39 47
(08/12/1996) 03 05 08 12 46 47
(01/12/1996) 12 16 37 45 52 56
(24/11/1996) 10 42 43 45 54 55
(17/11/1996) 06 07 22 38 52 60
(10/11/1996) 03 13 17 25 29 51
(03/11/1996) 04 16 21 23 54 57
(27/10/1996) 13 15 17 40 53 57
(20/10/1996) 05 17 33 39 42 49
(13/10/1996) 05 14 33 36 43 44
(06/10/1996) 17 19 28 45 48 56
(29/09/1996) 07 14 15 29 38 50
(22/09/1996) 03 08 14 43 56 58
(15/09/1996) 03 06 22 24 54 60
(08/09/1996) 13 17 20 33 44 51
(01/09/1996) 10 22 50 53 57 58
(25/08/1996) 24 43 50 54 55 56
(19/08/1996) 01 08 14 28 33 43
(12/08/1996) 17 37 39 51 52 59
(05/08/1996) 01 09 31 38 46 56
(29/07/1996) 06 33 36 46 49 53
(22/07/1996) 11 25 28 30 33 51
(15/07/1996) 05 10 12 24 25 60
(08/07/1996) 23 27 36 37 42 56
(01/07/1996) 06 10 13 19 20 51
(24/06/1996) 20 32 34 49 58 60
(17/06/1996) 12 33 35 51 52 60
(10/06/1996) 02 16 23 27 47 53
(03/06/1996) 18 32 47 50 54 56
(27/05/1996) 04 16 19 20 27 43
(20/05/1996) 15 25 37 38 58 59
(13/05/1996) 04 18 21 25 38 57
(06/05/1996) 08 43 54 55 56 60
(29/04/1996) 04 17 37 38 47 53
(22/04/1996) 03 05 20 21 38 56
(15/04/1996) 07 13 19 22 40 47
(08/04/1996) 01 02 06 16 19 46
(01/04/1996) 01 05 06 27 42 59
(25/03/1996) 10 11 29 30 36 47
(18/03/1996) 09 37 39 41 43 49
(11/03/1996) 04 05 30 33 41 52